           1  9.96558219E-02
           1  -2.4031107    
           1   1.3366462    
           1  0.20135058    
           1 -0.29200387    
           1  0.25037560    
           1 -0.28055501    
           1  0.36111864    
           1  0.37465754    
           1  0.18899225    
           1  0.38107958    
           0   0.0000000    
           1  0.52498430    
           1 -0.22809049    
           1  0.37610570    
           1  0.37124315    
           1  0.23138039    
           1  8.36239606E-02
           1  0.12297215    
           1  0.61146569    
           1  -1.4608626    
           1  8.00748169E-02
           1 -0.28436044    
           1  0.21983437    
           1  0.31323549    
           1  0.37694871    
           1 -0.74710733    
           1  0.42382312    
           1 -3.81355360E-02
           1  -1.1008180    
           1  0.51455992    
           1  0.85964805    
           1  0.37285966    
           1  -2.1254752    
           1   1.3215410    
           1   1.2573746    
           1   1.2830218    
           1  0.22297122    
           1  0.30069995    
           1  0.44801465    
           1  -1.2579985    
           1 -0.26970300    
           1  0.12754981    
           1 -0.66419709    
           1  -2.2442000    
           1  0.13487908    
           1  -1.7594048    
           1  0.55215049    
           1  0.31013352    
           1  0.20572783    
           1 -0.13052617    
           0   0.0000000    
           1  0.51328343    
           1  0.15495077    
           1  0.11893810    
           1 -0.50589854    
           1 -0.37383893    
           1  -1.6795021    
           1  0.27989700    
           1 -0.25597155    
           1 -3.69477924E-03
           1  0.39727268    
           1   1.1633750    
           1  0.70873165    
           1   1.0716611    
           1 -0.55832404    
           1  0.94689816    
           1  0.11524357    
           1 -6.85399249E-02
           1  5.92795536E-02
           1  0.78990620    
           1  -1.6681955    
           1  0.32360697    
           1  0.19595829    
           1  5.49588799E-02
           1  0.20860921    
           1  -1.1240757    
           1  4.41473946E-02
           1  0.28646466    
           1  -2.0671985    
           1  0.17994481    
           0   0.0000000    
           1   1.5205554    
           1   1.5941942    
           1  -1.2336550    
           1  0.23607208    
           1 -7.10146362E-03
           1  0.43782482    
           1  0.27374274    
           0   0.0000000    
           1  -1.4693321    
           1  0.52090770    
           1  0.17180189    
           1  3.78758460E-02
           1 -0.59641784    
           1 -0.23200662    
           1  4.71129045E-02
           0   0.0000000    
           1 -0.21879958    
           1 -8.64300430E-02
           1 -0.19431342    
           1   1.4973940    
           1  4.12171371E-02
           1  0.32733724    
           1  0.33054167    
           1  0.11348653    
           1 -2.05513015E-02
           1  1.61717013E-02
           1 -0.25525501    
           1  5.87154068E-02
           1 -0.11542496    
           1  0.87203753    
           1  9.65590775E-02
           1 -8.04079976E-03
           1  0.42544740    
           1   1.1219245    
           1  6.56303316E-02
           1  5.76746985E-02
           1 -7.28527084E-04
           1  8.57920945E-02
           1 -0.90376657    
           1  0.76876378    
           1 -3.06400862E-02
           1  5.57095148E-02
           1  2.90447325E-02
           1 -2.11502910E-02
           1  3.29227783E-02
           1  0.21596979    
           1 -3.86762209E-02
           1  -1.5089879    
           1  0.72055203    
           1  0.10401113    
           1 -0.21390049    
           1  0.57778388    
           1  0.12575078    
           1  5.25593869E-02
           1 -0.12416932    
           1  4.44457233E-02
           1 -9.44118053E-02
           1  5.40610179E-02
           1 -0.36152107    
           1 -0.13419914    
           1 -0.27287993    
           1 -0.24977858    
           1  0.67785257    
           1  0.12474152    
           1  5.72656393E-02
           1  -1.1409123    
           1 -0.36414436    
           1  0.35712004    
           1 -0.69389427    
           1 -0.98331624    
           1  0.33657476    
           1 -9.87401232E-02
           1  0.32982972    
           1 -0.72779030    
           1 -0.84401006    
           1  -1.4647706    
           1  2.00047325E-02
           1  8.76086056E-02
           1  -1.7676178    
           1 -1.31557845E-02
           1  2.23838538E-02
           1 -0.22277412    
           0   0.0000000    
           1  0.44897249    
           1  0.10490400    
           1  8.22601914E-02
           1  0.59835666    
           1 -0.34870669    
           1 -0.17599320    
           1  -1.5544173    
           1  0.10551950    
           1 -0.62175059    
           1 -0.68462139    
           1  0.44780129    
           1  0.18243213    
           1 -0.12424096    
           1 -0.35275501    
           1  0.26286998    
           1  9.86409485E-02
           1 -0.13043453    
           1 -4.04287092E-02
           1 -0.24456473    
           1  0.88775253    
           1   1.1452022    
           1 -0.12388274    
           1 -0.69399875    
           1  -1.4002018    
           1  4.03058976E-02
           1  0.25581613    
           1  0.97805029    
           1  -1.4906648    
           1  0.61724639    
           1 -8.02753568E-02
           1  -1.1264286    
           1  0.48721641    
           1  3.69853936E-02
           1   1.5108219    
           1  0.12483855    
           1 -0.61561143    
           1  8.25974569E-02
           1 -1.97805557E-03
           1  2.80420016E-02
           1   1.0913738    
           1 -8.09902921E-02
           1  0.27864882    
           1  0.28213209    
           1 -0.11139657    
           1 -0.84466594    
           1  4.41594534E-02
           1  0.48837554    
           1 -0.15763667    
           1 -2.06464510E-02
           1  8.95256549E-02
           1 -0.11406619    
           1  2.51895599E-02
           1  0.65621132    
           1  0.15876883    
           1  0.77170068    
           1 -4.40606959E-02
           1 -0.24070729    
           1 -8.47997144E-04
           1  0.64452815    
           1  7.07865283E-02
           1  5.59214726E-02
           1  4.56472337E-02
           1  7.25605488E-02
           1  0.42168117    
           1  0.77829188    
           1  0.51108974    
           1  5.62408566E-02
           1  5.05718254E-02
           1  -1.6804533    
           1  4.87265475E-02
           1 -0.31632450    
           1 -0.52573961    
           1  0.80191267    
           1 -0.96896791    
           1  -1.7560265    
           1  -1.4098591    
           1 -0.94224858    
           1 -0.93938047    
           0   0.0000000    
           0   0.0000000    
           1  -1.0140314    
           1 -0.76462340    
           1  -2.2097590    
           1 -0.88653803    
           1  -1.8555139    
           1  -2.2990816    
           1 -0.88045812    
           0   0.0000000    
           1  -1.6779151    
           1  -1.4798710    
           1  -2.2593689    
           0   0.0000000    
           1  -1.4811397    
           1  -1.6024219    
           0   0.0000000    
           1 -0.47307158    
           1  -1.6501307    
           1 -0.83602995    
           1  8.87871012E-02
           1  -3.9644263    
           1  0.27497780    
           1 -0.63554734    
           1 -0.50712329    
           1 -0.83849651    
           1  -1.1887424    
           1  0.11673586    
           1 -0.86797225    
           1  0.21070702    
           1 -0.79975247    
           1 -3.48603427E-02
           1  -2.2937932    
           1  -2.0481508    
           1  -2.1999197    
           1  -2.0551484    
           1 -0.27321604    
           1  -2.2015634    
           1 -0.81166291    
           1  0.55318028    
           1  -2.0429637    
           1  -1.7992262    
           1 -0.51313627    
           1  -1.5501547    
           1 -0.57790416    
           1 -0.40097165    
           1 -0.71219832    
           1 -4.59372960E-02
           1  0.19692132    
           1 -0.64689124    
           1 -0.92863035    
           1  1.03200190E-02
           1  0.17675109    
           1  -1.2012914    
           1 -0.49440789    
           1 -0.89861131    
           1 -0.77222407    
           1  -2.1524284    
           1  -2.1969247    
           1  -2.0691512    
           1 -0.93785423    
           0   0.0000000    
           0   0.0000000    
           1  0.12321733    
           1  -2.0616579    
           1  -1.4456979    
           1  7.78778940E-02
           1  0.48956746    
           1 -7.03405067E-02
           1  -2.5797162    
           1  0.83078563    
           1  0.63296628    
           0   0.0000000    
           1  0.72119242    
           1 -0.43662801    
           1 -0.57664722    
           1 -0.37309128    
           1  -2.0797932    
           1  -1.1275945    
           1 -0.85122550    
           1  -1.5094368    
           1  -1.1957104    
           1  -2.4926453    
           1 -0.68088824    
           1 -0.11722444    
           1  -2.0333941    
           1 -0.66950017    
           1  -1.9482259    
           1  -1.0011653    
           1  -4.1980467    
           1 -0.50178814    
           1 -4.97510657E-04
           1  -1.6004874    
           1 -0.74119061    
           1 -0.66697162    
           1 -0.93792945    
           1 -0.49908257    
           1 -0.13914222    
           1  0.18012296    
           1 -2.65690591E-02
           1  4.13889624E-02
           1  -1.7481058    
           1  0.99907053    
           1  0.10259809    
           1  -2.1228211    
           1 -0.64087451    
           1 -0.61587471    
           1  0.63155025    
           1  -1.5322213    
           1  -1.2890277    
           1  -1.6452338    
           1  -2.2935255    
           1 -0.40187782    
           1  -2.3825305    
           1 -0.60336477    
           1  0.26432315    
           1  -1.0564973    
           1 -0.73679656    
           1 -0.68586010    
           1  -2.0181065    
           1  7.76997879E-02
           1 -0.80115908    
           1 -0.87587422    
           1  -1.4139503    
           1  -1.3248078    
           1  -2.5835564    
           1  -1.3616866    
           1  -2.4131417    
           1  -1.3747252    
           1 -0.62312102    
           1  -1.7918434    
           1  -3.3546636    
           1 -0.15177485    
           1 -0.88679981    
           1 -0.51020533    
           1 -0.40065446    
           1 -0.71998245    
           1 -0.78044277    
           1 -7.24406466E-02
           1  -1.9767071    
           1 -0.65080649    
           1 -0.66656637    
           1  -1.3302038    
           1  0.91035157    
           1 -0.54291528    
           1 -0.53543270    
           1 -0.14025900    
           1  -2.2176430    
           1 -0.22078724    
           1 -0.66362047    
           1 -0.62007070    
           1  -1.3381894    
           1  -1.5897472    
           1 -0.73637211    
           1 -0.60462075    
           1  -2.1141350    
           1  -2.3421521    
           1 -0.83865082    
           1  0.36838511    
           1  -1.8532828    
           1 -0.64395636    
           1 -0.42122331    
           1 -0.66192108    
           1 -0.97723228    
           1  -1.0127705    
           1 -0.41939956    
           1  -1.4453163    
           1  3.25562358E-02
           1  -2.1988363    
           1 -0.48825687    
           1 -0.82408851    
           1 -0.76335311    
           1  -1.0277891    
           1  -1.4651344    
           1  -1.5302049    
           1  -2.4678490    
           0   0.0000000    
           1   1.7709039    
           1  0.33762744    
           1  -2.2132342    
           1  -2.3887377    
           1   1.1420192    
           1  0.44641033    
           1   2.0933466    
           1  -1.6090022    
           1  -2.3545985    
           1  -2.3785264    
           1  0.70038772    
           1  -2.6053619    
           1  -1.2757858    
           1  -1.3864057    
           1  -2.2986207    
           1  -2.5881202    
           1 -0.26637250    
           1  -2.1057475    
           1  -2.0856535    
           1  8.85738134E-02
           1  5.53334430E-02
           1  0.79046679    
           1 -0.62477785    
           1 -2.50008106E-02
           1  2.78065763E-02
           1  -1.6174768    
           1  -2.0667231    
           1 -0.21185513    
           1  0.82107091    
           1 -0.31489041    
           1  0.72352546    
           1  0.43323281    
           1 -0.51404613    
           1 -0.64523584    
           1 -8.18400681E-02
           1 -0.25004953    
           1  5.92143685E-02
           1  -2.6683605    
           1  -1.9027965    
           1  -2.3251202    
           1  -1.0430428    
           1  0.21687073    
           1  0.10171670    
           1  -2.4373720    
           1  -1.9366279    
           1 -0.40879211    
           1  -1.6939826    
           1  -1.7753069    
           1  -2.7224953    
           1 -0.32703501    
           1  -2.3573267    
           1 -0.43820444    
           1 -3.29161510E-02
           1 -0.37424237    
           1 -0.48379385    
           1  -1.2017207    
           1 -0.24051879    
           1 -0.68582249    
           0   0.0000000    
           1  -2.5732875    
           1  0.19071500    
           1 -0.34574029    
           1  -2.2132070    
           1  0.57180601    
           1 -0.15984534    
           1 -3.51818278E-02
           1  0.69622093    
           1  0.53934342    
           1  0.96072584    
           1 -0.13027152    
           1  0.61929578    
           1 -8.21993575E-02
           1  -2.0697496    
           1  -2.4914141    
           1  7.98620097E-03
           1   1.3995472    
           1  -1.8998131    
           1  -2.5365796    
           1 -2.61262842E-02
           1  -1.0074525    
           1 -0.82965356    
           1  -2.4822214    
           1  0.87539756    
           1  -1.0164419    
           1  -2.7041831    
           0   0.0000000    
           1 -0.13030361    
           1  -2.6794989    
           1  -2.2912021    
           1  0.42293879    
           1 -0.37175465    
           1  -1.8350599    
           1 -0.85248733    
           0   0.0000000    
           1  4.07339893E-02
           1  0.98052037    
           1  0.49113607    
           1  -2.4283037    
           1  -2.2400229    
           1  -1.6708170    
           1  -1.7343365    
           1  -2.4542880    
           1   1.4159782    
           1 -0.15380724    
           1 -0.16293524    
           1  0.34187117    
           1  7.18059856E-03
           1  -1.7635798    
           1  -1.3316879    
           1 -0.39253569    
           1  0.74927843    
           1  0.17153881    
           1 -0.18716966    
           1 -8.42693001E-02
           1  0.91002059    
           1  -2.5457678    
           1  0.64241230    
           1   1.5965009    
           1  0.67402482    
           1  0.64282727    
           1 -9.29653123E-02
           1  0.57374281    
           1  0.67723286    
           1  -1.2462095    
           1 -0.83637583    
           1 -0.81951684    
           1 -0.27410012    
           1  -1.6126018    
           1  0.62241024    
           1 -0.25664458    
           1  -2.5148151    
           1   1.5336914    
           1 -3.67727987E-02
           1  -2.2895954    
           1  0.12024695    
           1  1.00446977E-02
           1  -2.4610074    
           1  -1.4573734    
           1  0.86073834    
           1  0.85909694    
           1  -1.5597670    
           1  0.63743037    
           1  -2.4344137    
           1   2.3631077    
           1  -1.4098419    
           1 -3.02145164E-02
           1  -1.4153924    
           0   0.0000000    
           1  -2.4557235    
           1   1.4705782    
           1  0.37785593    
           0   0.0000000    
           1  -1.4695758    
           1  0.87611073    
           1  -1.8504325    
           1  -1.7015215    
           1  -1.4431243    
           1 -0.25201389    
           1  0.40255633    
           1 -0.74587476    
           1 -0.56683612    
           0   0.0000000    
           1  -2.1935852    
           1 -0.34159583    
           1   1.0115299    
           1  -1.2504090    
           1  0.33008671    
           1  -1.8974557    
           1  -1.7536561    
           1  -1.4917253    
           1  0.61869729    
           1  -1.2084670    
           1  -1.3956519    
           1  0.64528036    
           1 -1.03415009E-02
           1  -1.7265248    
           1  -2.0351708    
           1 -0.26114219    
           0   0.0000000    
           1 -0.60365742    
           1 -0.78929889    
           1  0.39503711    
           1  0.47656906    
           1 -0.16936213    
           1  0.73410702    
           1  0.10132919    
           1  0.40748885    
           1  -1.8709145    
           1  -1.6884365    
           1  0.59757704    
           1  0.60147405    
           1  2.12804619E-02
           1  0.45280224    
           1 -0.42842686    
           1  -2.2054243    
           1 -0.61016721    
           1  7.87271410E-02
           1 -0.11509324    
           1  0.78814453    
           1   1.1694711    
           1  0.67619795    
           1   2.7881074    
           1  0.35369599    
           1  -1.3005939    
           1  -1.7764257    
           1  -1.7332845    
           1  -2.1340232    
           1  -1.8542267    
           1  0.81242555    
           1   1.4488099    
           1  -1.1718190    
           1  0.82608765    
           1  -1.0573717    
           1  0.31969860    
           1  0.64773369    
           1  0.45125982    
           1   1.3828979    
           1 -0.33745244    
           1 -1.81382671E-02
           1   2.1829190    
           1  0.42274857    
           1  -2.3860064    
           1   1.4848570    
           1   1.4105316    
           1  -1.0465280    
           1  0.58494949    
           1 -0.13225126    
           1 -0.41671631    
           1  -1.8757581    
           1   1.5476202    
           1   1.4160221    
           1  0.81909484    
           1  -1.9540236    
           1   1.4011523    
           1   2.1183443    
           1  -1.7037479    
           0   0.0000000    
           1  -2.0584600    
           1   1.5102015    
           1  -1.3051032    
           1  -1.0202798    
           1  0.42868203    
           1  0.54712510    
           1  -1.0603215    
           1   1.0223086    
           1  -3.5964572    
           1 -3.72783430E-02
           1  -1.3496163    
           1 -8.23660418E-02
           1  -3.6275816    
           1 -5.57696000E-02
           1   1.2972902    
           1  -1.7058891    
           1  0.58869696    
           1 -0.19477051    
           1  -2.5720761    
           1 -0.33957291    
           1  -2.4013832    
           1  -1.2093897    
           1 -0.90602285    
           1   1.5736084    
           1 -2.14638133E-02
           1 -0.21694171    
           1 -0.10104980    
           1 -0.29590100    
           1   1.0852445    
           1  0.36754093    
           1  0.12655833    
           1  -1.2531928    
           1   2.1048398    
           1  -1.6865581    
           1 -0.17017810    
           1  -2.0785916    
           1  -1.2831483    
           1 -0.71227449    
           1  0.13133813    
           1  -1.5550728    
           1 -0.41435599    
           1 -0.85959679    
           1 -0.21600971    
           1   2.1665621    
           1 -0.95616847    
           1 -0.20344058    
           1 -0.13395727    
           1  -2.0564013    
           1 -0.12467198    
           1 -0.87474573    
           1 -0.88350701    
           1  -1.5966066    
           1  0.37861848    
           1  0.81554550    
           1  -2.4009430    
           1   2.3882370    
           1  -1.2996465    
           1 -0.51372522    
           1  0.96188539    
           1  -1.4328282    
           1  0.15657862    
           1   2.0047529    
           1   1.1793058    
           1  0.44335747    
           1   2.1723299    
           1 -0.23116025    
           1 -0.37766007    
           1   1.9590217    
           1  0.18883415    
           1  8.69946927E-02
           1  7.07175285E-02
           1   1.3336061    
           1  0.71363813    
           1 -0.44798741    
           1 -0.47781581    
           1  -1.1697329    
           1  -1.6086321    
           1  -1.4742252    
           1  -1.4605060    
           1 -0.92186821    
           1   1.5767410    
           0   0.0000000    
           1  -1.7547235    
           1  0.21255367    
           1  -2.5219541    
           1 -0.44729522    
           1  0.30923584    
           1   1.7957023    
           1 -0.55231506    
           1  8.48573968E-02
           1  -1.4079467    
           1 -0.85836756    
           1   2.1565137    
           1   1.6180165    
           1  -1.6189355    
           1  0.87921661    
           1  -1.8259515    
           1   1.5857558    
           1  -1.8648520    
           1 -0.84248090    
           1   1.5720738    
           1  0.54321432    
           1  0.10161244    
           1 -0.45320392    
           1  -1.6852142    
           1 -0.34897962    
           1 -0.28468239    
           1 -0.22718722    
           1 -0.51603281    
           1  -1.9514487    
           1   1.2192438    
           1  0.24981777    
           1  0.89978015    
           1   1.3009446    
           1 -0.42774585    
           1  -1.2343100    
           1 -0.43021232    
           1 -0.14155236    
           1 -0.16165030    
           1   1.2534317    
           1 -0.73561442    
           1  -1.5092448    
           0   0.0000000    
           1 -0.11461644    
           1  -1.3500471    
           1 -0.90352511    
           1 -0.30851209    
           1 -0.68469834    
           1  -1.0787079    
           1 -0.69551504    
           1 -0.50470990    
           1 -0.33613390    
           1  0.71687007    
           1   1.3540891    
           1 -0.56009364    
           1 -0.84958291    
           1 -0.32059458    
           1 -0.99367803    
           1  0.53502667    
           1  -2.0510013    
           1  -1.6250107    
           1 -0.72823691    
           1  0.42164427    
           1   1.0427907    
           1 -0.89160854    
           1   1.0148792    
           1  -1.1568941    
           1  0.52961123    
           1 -6.57563098E-03
           1   1.1621269    
           1   2.1739273    
           1  6.00771327E-03
           1  7.78369457E-02
           1 -0.33335903    
           1 -0.14173298    
           1  0.64399701    
           1  0.37436610    
           1  0.83912492    
           1 -0.39296374    
           1  -2.0181620    
           1 -0.78440642    
           1 -9.28642303E-02
           1 -0.75623631    
           1 -0.25548017    
           1  0.52463132    
           1 -0.97560102    
           1 -2.72068772E-02
           1 -0.54734397    
           1  -1.4713945    
           1  -1.0726597    
           1  -2.0905066    
           1 -0.87764549    
           1  -1.6653388    
           1 -0.29801473    
           1 -0.66200781    
           1 -0.14919268    
           1 -0.24036822    
           1 -8.45061317E-02
           1  -2.0359228    
           1 -0.62184429    
           1  0.20130906    
           1  0.28340241    
           1 -5.50577082E-02
           0   0.0000000    
           0   0.0000000    
           1 -8.72307643E-03
           1   1.1523932    
           1  0.55547434    
           1 -0.11510064    
           1 -0.53496361    
           1 -0.30747795    
           1  3.25203314E-03
           1 -0.52753538    
           0   0.0000000    
           1 -0.73406041    
           1 -6.60916790E-02
           1 -0.43158373    
           1 -6.36938885E-02
           1 -0.49006042    
           1 -0.36996022    
           1 -8.86374041E-02
           1  6.53368011E-02
           1  -1.8059961    
           1  0.42311352    
           1  0.83359087    
           1 -0.28141686    
           1 -0.10771123    
           1 -0.14199345    
           1 -2.59847753E-03
           1 -0.19051370    
           1 -0.17313309    
           1 -0.17884189    
           1  -1.5947906    
           1 -0.95678252    
           1 -0.13346303    
           1 -0.96628785    
           1  0.27623150    
           1  0.73521751    
           1  -1.7006615    
           1  7.48465210E-02
           1  -1.0453289    
           1   1.0878150    
           1   1.1644015    
           1  0.13057369    
           1  0.11470502    
           1  0.91457552    
           1 -0.13168770    
           1  0.29038364    
           1 -0.92120993    
           1  -1.2108563    
           1  0.12183418    
           1 -6.52400479E-02
           1 -3.64377983E-02
           1 -3.50679383E-02
           1  0.51725096    
           1 -0.34157082    
           1 -0.42413813    
           1 -0.79147744    
           1 -0.87749463    
           1  0.64096540    
           1  0.82694858    
           1  -1.3601611    
           1  0.54520673    
           1  7.63494000E-02
           1  0.57782567    
           1   1.0497086    
           0   0.0000000    
           1 -0.48607400    
           1   1.4425589    
           1  0.99372226    
           0   0.0000000    
           1 -0.15770544    
           1 -0.48762560    
           0   0.0000000    
           1   1.4251519    
           1 -0.38964128    
           0   0.0000000    
           1  0.25494313    
           1  0.26362580    
           1 -0.17489924    
           1  3.02853491E-02
           1  -1.5611056    
           1 -0.11018430    
           0   0.0000000    
           1   1.4080818    
           1  -1.0069611    
           1   1.1632099    
           1   1.1679444    
           1 -0.96012628    
           1   1.6359515    
           0   0.0000000    
           1  0.70047212    
           1 -0.83438414    
           1  0.63885272    
           1  0.94594979    
           1 -0.25111043    
           1 -0.17294525    
           0   0.0000000    
           1   1.0226507    
           0   0.0000000    
           1  0.23566170    
           1 -0.25757018    
           1  0.24241388    
           1  3.00998762E-02
           1 -7.58520812E-02
           0   0.0000000    
           1 -0.42970699    
           1 -0.65184665    
           1 -0.22773214    
           1  0.13286944    
           1  0.88589072    
           1 -2.74308622E-02
           1  3.38206142E-02
           1  0.19127102    
           1 -0.39310881    
           1 -0.78499103    
           1  0.15488872    
           1  0.82983595    
           1  2.52949111E-02
           1  0.90639251    
           1 -0.17631346    
           1 -0.21310681    
           1  0.94592702    
           1 -0.58032650    
           1 -0.45148692    
           1  0.25002763    
           1 -5.71843199E-02
           1 -0.14663988    
           1 -0.54481655    
           1 -0.14020516    
           1 -0.22415633    
           1 -0.26775461    
           1  0.45167661    
           1 -0.56766754    
           1 -0.25058451    
           1  0.24799299    
           1  0.72559053    
           1  -1.3144524    
           1  0.63921070    
           1 -0.24710464    
           1   1.4510117    
           1  0.12793609    
           1  0.13758260    
           1 -0.75231397    
           1  -1.8047483    
           1   1.4817290    
           1  0.77917373    
           1 -0.58570373    
           1  0.48091805    
           1 -1.92796066E-02
           1  0.58339226    
           1 -0.79636508    
           0   0.0000000    
           1  0.91434169    
           1  1.61191933E-02
           1 -0.64621693    
           1  0.19221647    
           1   1.2941439    
           1 -0.24364103    
           0   0.0000000    
           1  0.73907620    
           1  0.49184731    
           1  0.99467158    
           1  0.95792067    
           1  -2.4592981    
           1 -0.92139131    
           1 -0.23471777    
           1  0.67550278    
           1 -0.35363176    
           1 -0.74003941    
           1 -0.68130696    
           1  -1.4567792    
           1 -0.25618523    
           1   1.2716949    
           1 -6.84451461E-02
           1   1.5239276    
           1  0.14772655    
           1  -1.3334947    
           1 -0.34309185    
           1  0.62401336    
           1  0.28474957    
           1  0.18105565    
           1 -0.49205247    
           1 -5.33654131E-02
           1 -0.12475379    
           1 -0.13356546    
           1 -0.18434075    
           1  0.65090156    
           1   1.1077212    
           1 -0.20597304    
           1  0.52454835    
           1 -5.27568124E-02
           1 -0.66579962    
           1  0.32382715    
           1  0.40457311    
           1 -6.29180893E-02
           1 -0.49660119    
           1  0.26933518    
           1   1.5985421    
           1 -0.37253827    
           1 -0.16586258    
           1   1.0160508    
           1  -1.6313401    
           1 -0.37170467    
           1  0.85340935    
           1   1.2006429    
           1   1.7960583    
           1 -0.65901023    
           1  -1.3372014    
           1  -1.7458032    
           1 -0.21019068    
           1  -1.0161357    
           1  0.67923093    
           1   1.1517640    
           1 -0.18813245    
           1 -0.21635146    
           1  0.74288207    
           1 -0.20459919    
           1   2.0092757    
           1  7.61830956E-02
           1 -0.32945052    
           1  0.65760618    
           1 -7.36116432E-04
           1  0.49446395    
           1  0.59732372    
           1  0.70320624    
           1  0.52100146    
           1 -8.73130411E-02
           1 -0.19799154    
           1 -0.16128582    
           1  0.27113706    
           1 -0.67729139    
           1 -0.40563408    
           1 -0.22165693    
           1  -1.6662748    
           1  0.10373333    
           1  -1.5259526    
           1  6.11598380E-02
           1 -0.17900400    
           1  0.10725170    
           1 -3.59314680E-02
           1 -0.24567929    
           1  0.88457435    
           1  0.21378540    
           1 -0.17190789    
           1 -0.25728884    
           1 -0.25138903    
           1  0.15113224    
           1  0.71119857    
           1  -1.1823552    
           1   1.7021061    
           1 -0.50615996    
           1  0.88927960    
           1   1.3773904    
           1 -4.25975882E-02
           1 -2.59805862E-02
           1 -0.25357705    
           1 -0.96589762    
           1  0.93681961    
           1 -0.22064179    
           1 -0.30171031    
           1  2.53390372E-02
           1  0.15162754    
           1  3.37332860E-02
           0   0.0000000    
           1  0.80537629    
           1 -0.23052317    
           1  0.20698828    
           1  0.34913319    
           1  0.28148383    
           1  7.40257725E-02
           1  0.11565252    
           1  0.41489077    
           1 -0.83803362    
           1 -0.84913605    
           1  0.38849488    
           1   1.8845757    
           1   1.2449700    
           1  0.21326892    
           1  0.23719774    
           1  3.63419503E-02
           1   1.3628340    
           1 -0.28433058    
           1  0.46150896    
           1  2.32998654E-02
           1  3.16112563E-02
           1  0.35437974    
           1  9.73307863E-02
           1  0.72996187    
           1   1.0235494    
           1  7.10558519E-02
           1   2.3195071    
           1 -0.56278396    
           1  0.75261503    
           1  0.64220607    
           1  2.64192894E-02
           1  2.64192894E-02
           1  0.68896133    
           1  0.37329331    
           1   1.4538727    
           1   1.8262486    
           1  0.89619982    
           1  0.58684379    
           1  -1.4628671    
           1 -0.52291226    
           1  0.50232810    
           1 -0.24594975    
           1  0.99467075    
           1 -0.37275359    
           1  0.50006837    
           1   1.7955397    
           1  0.37911656    
           1  0.77185160    
           0   0.0000000    
           0   0.0000000    
           1 -1.79226196E-03
           1  0.35535488    
           1  0.24166970    
           1  9.70374793E-02
           1  0.18812217    
           1  7.76678398E-02
           1   1.6849246    
           1   1.9123164    
           1   1.0701554    
           1   1.6025571    
           1   1.9488217    
           1 -0.95938528    
           1  0.10203153    
           1   1.0535454    
           1  0.10027973    
           1  0.11745338    
           1   1.5883934    
           1  0.50377619    
           1  0.58131886    
           1  0.22633517    
           1  0.89889961    
           1  0.54380095    
           1  0.26805770    
           1  9.82251167E-02
           1  0.23739319    
           1  0.29805815    
           1 -0.64406127    
           1 -7.03262985E-02
           1 -9.25550014E-02
           1 -0.10790647    
           1 -0.73890179    
           1  0.10983121    
           1   1.7749667    
           1  0.32496387    
           1   1.7463350    
           1   1.6664590    
           1 -0.10866760    
           1 -4.91549335E-02
           1 -0.10931635    
           0   0.0000000    
           1  0.16886118    
           1  0.26202229    
           1   2.0117764    
           1 -0.22403432    
           1 -0.82591808    
           1  -1.4675668    
           1  -2.0067515    
           1  -1.3512455    
           1  -1.0550267    
           1  -1.6414824    
           1  -1.5169898    
           1  -1.2187577    
           1  -1.1380998    
           1  -1.3777828    
           1 -0.76608437    
           1 -0.53518862    
           1  -1.0837266    
           1  0.54189324    
           1  -1.5920106    
           1  -1.4490080    
           1  -1.6360078    
           1  0.57296997    
           1 -0.82763684    
           1 -0.19661182    
           1 -0.73534340    
           1  -1.3012863    
           1 -0.56158233    
           1  -1.6468848    
           1  -1.3391103    
           1  -1.6282101    
           1  0.52053529    
           0   0.0000000    
           1   1.0971053    
           1   1.5012248    
           1   2.3497999    
           0   0.0000000    
           1   2.0927234    
           1   1.9994740    
           1   2.1371520    
           1   1.8915992    
           1 -0.12729487    
           1   2.1467826    
           1   1.4974971    
           0   0.0000000    
           1   1.0275837    
           1   1.8866533    
           1   2.2268617    
           1   2.1323113    
           1   2.1822894    
           1  0.99631196    
           1  0.69132233    
           1   2.8427289    
           1   2.7567563    
           1   2.0973408    
           1   1.6115022    
           1 -0.18391356    
           1   1.8766605    
           1   1.7790490    
           1  0.79495120    
           1 -0.17523375    
           1   1.5783715    
           1 -0.34426886    
           1   1.2973621    
           1  0.96265227    
           1   1.3398674    
           1 -8.41231793E-02
           1  0.37047526    
           1   1.0295545    
           0   0.0000000    
           1   1.4944865    
           1   3.3556201    
           1   1.8260857    
           1   2.1353514    
           1  0.88837779    
           1   1.9876063    
           1  -2.0778899    
           1  2.82809213E-02
           1   2.1999559    
           1   1.9266338    
           0   0.0000000    
           0   0.0000000    
           1   2.0950177    
           1  0.99166012    
           1 -0.35829571    
           1  -2.0571969    
           1 -0.86441767    
           1 -1.17227668E-02
           1 -0.20924507    
           1   2.2110085    
           1  -1.6541685    
           1  -1.8173417    
           1   2.3918517    
           1   1.7206724    
           1   2.0040853    
           1   2.2707770    
           1 -0.51461685    
           1  -1.9610264    
           1  0.93468726    
           1  0.84261560    
           1  -2.1020255    
           1   1.2817785    
           1  -3.9914551    
           1  0.13642785    
           1  4.41722237E-02
           1  -2.5367439    
           1 -4.78317216E-02
           1 -0.19718587    
           1  -1.1027503    
           1   1.6840582    
           1  -1.7184758    
           1   1.0731196    
           1  0.49078009    
           1   1.2583623    
           1  -1.0019497    
           1   1.7032013    
           1   2.2073209    
           1  0.20472482    
           1   1.3934697    
           1 -0.59133369    
           0   0.0000000    
           1  -1.5966766    
           1   1.2347440    
           1  9.19690952E-02
           1   2.4412746    
           1   1.1431156    
           0   0.0000000    
           1   1.0356691    
           1   1.1518124    
           1  0.16915919    
           1  -1.1587461    
           1   2.0263708    
           1   2.1491134    
           1  9.36349928E-02
           1  1.47911552E-02
           1  0.49356967    
           1  -2.0197101    
           1  0.47388530    
           1  -1.1079336    
           1   2.2109089    
           1   2.0810928    
           1 -1.69052370E-02
           1   1.6645494    
           1   1.3288318    
           1  0.38408622    
           1  -1.1477629    
           1  -1.3277929    
           1  -1.2179574    
           1   2.6318214    
           1   1.9697049    
           1   1.6693525    
           1  0.82572228    
           1  0.44494545    
           1 -0.94304943    
           1 -2.82119811E-02
           1   2.1789353    
           1  -2.4869909    
           1 -0.85169095    
           1  3.92429791E-02
           1 -0.12554233    
           1   3.3053665    
           1  -1.1075290    
           1 -0.21638194    
           1  -1.6642683    
           1  0.62024969    
           1  0.91039264    
           1  -3.3251052    
           1   3.3476889    
           1 -0.32395506    
           1  -2.0477924    
           1  0.60616302    
           1   1.7038594    
           1  0.29611808    
           1  0.60776347    
           1   2.1944818    
           1  7.03250244E-02
           1   1.7940645    
           1  0.71857291    
           1   1.9720232    
           1 -0.15102211    
           1 -0.43268159    
           1   2.5384321    
           1  0.67791468    
           1  0.43742731    
           1   2.9721301    
           1   1.5049659    
           1  -2.4808331    
           1  0.54468894    
           1  -1.8361058    
           1  4.07279134E-02
           1   1.1839623    
           1  0.91388202    
           1  0.90141869    
           1  -1.8459735    
           1   2.1194937    
           1   1.9367269    
           1  -2.1600981    
           1   1.0555102    
           1   1.8536068    
           1  -1.6422206    
           1 -0.24731283    
           1   1.8676012    
           1   1.0027372    
           1  0.13869476    
           1  0.41034073    
           1  0.49992022    
           1  0.13403942    
           1 -0.62152296    
           1  0.52198571    
           1  -1.4004396    
           1  0.35934085    
           1   1.1711624    
           1  0.41825271    
           1  0.25310072    
           1  6.12984523E-02
           1 -0.11775856    
           1  0.71097738    
           1  0.25263542    
           1  -1.4118273    
           1  0.66879284    
           1  0.61003757    
           1  4.14520651E-02
           1  0.85832196    
           1  -1.0869515    
           1   1.3145378    
           1 -0.72647369    
           1  0.61859262    
           1 -0.46943933    
           1  -1.4907799    
           1  -1.2769536    
           1  -1.3264022    
           1  -1.3140409    
           1 -0.43484020    
           1  0.32914826    
           1 -0.75694996    
           1   1.2400808    
           1   1.0000271    
           1  0.23022372    
           1   1.3789306    
           1  0.35343120    
           1  0.29413161    
           1  0.46241099    
           1  -1.8972281    
           1   1.1251895    
           1  0.73709512    
           1   1.4557899    
           1  0.12503125    
           1  0.80406678    
           1   1.6411866    
           1   1.6768360    
           1  0.38145658    
           1  0.99455351    
           1   1.2761481    
           1  0.47667062    
           1  0.61321962    
           1   1.7829792    
           1   1.2125225    
           1  0.48571342    
           1  0.91004688    
           1 -6.04330562E-03
           1  0.78953373    
           1  -1.3632600    
           1  -1.6711183    
           1  0.61119229    
           1  0.68401664    
           1  -1.5467170    
           1 -0.86037034    
           1  -1.5649171    
           1  0.48272300    
           1  0.27685463    
           1  0.49724203    
           1  0.37051529    
           1 -0.12004109    
           1  0.42482972    
           1  0.31229877    
           1 -0.55638450    
           1  0.47077009    
           1  0.34165749    
           1  -1.3538309    
           1  0.35396954    
           1  0.50669760    
           1   1.5251898    
           1   1.3724433    
           1  0.79310727    
           1  0.35082301    
           1   1.4615868    
           1  0.75680888    
           1  0.27775446    
           1  -1.0490901    
           1  7.46308044E-02
           1  0.74759567    
           1  0.93326950    
           1 -0.76047438    
           1  0.10903022    
           1  -1.7216636    
           1  0.28678024    
           1  0.15167134    
           1 -0.18938147    
           1  0.25557905    
           1 -0.45326498    
           1  -1.1127441    
           1  0.47723013    
           1 -0.76659840    
           1  0.60037190    
           1  -1.2078888    
           1  0.95281452    
           1  0.69723916    
           1  0.80813432    
           1   1.0321794    
           1  0.14937851    
           1  0.41600206    
           1 -0.11819435    
           1  0.70279801    
           1  0.27141285    
           1  0.74451035    
           1  0.55108774    
           1   1.1905191    
           1  -1.3083240    
           1  7.51813501E-02
           1   1.5655032    
           1  0.30797344    
           1  0.60583079    
           1   1.3729774    
           1  0.60343385    
           1  0.30640379    
           1  -1.2152500    
           1  0.88929051    
           1   1.2545021    
           0   0.0000000    
           1   1.2806824    
           1  0.26515538    
           1  0.30452755    
           1  -1.7983370    
           1  0.61060333    
           1  -1.1234593    
           1 -0.30766004    
           1 -0.78027970    
           1 -0.70821190    
           1 -0.26922894    
           1  -1.0024614    
           1 -0.85536253    
           1   1.2527027    
           1 -0.50205439    
           1 -0.15816645    
           1  0.19256666    
           1 -0.49339187    
           1 -0.56215948    
           1 -3.60031277E-02
           1 -0.52780414    
           1 -7.68513232E-02
           1  0.61940765    
           1  0.63361406    
           1  0.28793669    
           1  0.12903345    
           1  0.17006423    
           1  0.70405918    
           0   0.0000000    
           1  0.13478728    
           1  0.81051809    
           1  0.85717559    
           1  7.40181357E-02
           1  4.40514013E-02
           1  1.39167877E-02
           1  0.69463742    
           1  0.16181280    
           1  0.16181280    
           1  0.16622677    
           1  -1.3158381    
           1 -0.25819847    
           1  1.52903311E-02
           1 -0.61179644    
           1 -0.69675338    
           1 -0.65120059    
           1  -1.1306490    
           1  -1.8484406    
           0   0.0000000    
           1 -0.70750993    
           1 -0.70116323    
           1 -0.55203789    
           1  -1.2728413    
           1 -0.68738329    
           1  -1.1776069    
           1 -0.80854821    
           1 -0.81054074    
           1 -0.72000694    
           1 -0.65517771    
           1 -0.73696703    
           1 -0.12171963    
           1 -0.84741694    
           1 -0.87230361    
           1 -0.88843083    
           1 -0.79665428    
           1 -0.76950175    
           1 -0.73084855    
           1  -1.3497008    
           1 -0.66603631    
           1 -0.74241459    
           1  -1.2040576    
           1  -1.6499807    
           1 -0.61362779    
           1 -0.46022817    
           1  -1.8552585    
           1 -0.70314986    
           1 -0.72003311    
           1  -1.3948795    
           1  0.30934465    
           1 -7.27620795E-02
           1  6.64233789E-02
           0   0.0000000    
           1 -0.47361657    
           1  -2.1734920    
           1 -0.26021478    
           1 -0.11960601    
           1 -4.20464575E-02
           1  0.21136682    
           1  0.54589200    
           1  -1.1463473    
           1  -1.4148679    
           1 -0.58045775    
           1 -0.28540194    
           1 -7.50094131E-02
           1 -6.13870099E-02
           1 -0.29903761    
           1 -0.14976345    
           1 -0.18874806    
           1 -0.10119068    
           1  -1.1125872    
           1  -1.4926991    
           1 -0.13211985    
           1  0.11192054    
           1  0.12509620    
           1  -2.2213678    
           1  -2.5478306    
           1 -8.83896574E-02
           1  -1.6516731    
           1 -0.11274203    
           1 -0.11656126    
           1 -0.12086443    
           1 -5.02529182E-02
           0   0.0000000    
           1 -2.83057429E-02
           1 -3.76343690E-02
           1  -1.2412004    
           1  0.26437879    
           1  0.29412007    
           1  0.20309409    
           1  0.25008589    
           1  9.61397663E-02
           1  0.42077875    
           1  0.37170157    
           1   1.2542022    
           1 -1.75084360E-02
           1  0.25467029    
           1  0.25467029    
           1  0.23650847    
           1 -0.98714483    
           1  9.46846604E-02
           1  -1.1199560    
           0   0.0000000    
           1 -0.73976254    
           1 -0.29483035    
           0   0.0000000    
           1 -0.77054632    
           1 -0.70498538    
           1 -0.24729285    
           1 -0.53401232    
           1  0.57372004    
           1  -1.0024151    
           1 -0.85401529    
           1  0.72976291    
           1 -0.51356655    
           1 -0.15305498    
           1  0.19331710    
           1  -1.6562287    
           1  0.43666106    
           1 -0.28563911    
           0   0.0000000    
           1  -1.4158467    
           1 -0.60124707    
           1 -0.57342851    
           1  -1.0251113    
           1 -0.83813256    
           1  -1.5859954    
           1 -0.93518686    
           1 -0.65929872    
           1 -0.88336158    
           1  0.80534881    
           1 -0.93185931    
           1 -0.54348767    
           1 -0.67179286    
           1 -0.36820033    
           1 -0.33729357    
           1  0.24507834    
           1 -0.45622650    
           1 -0.56237519    
           1 -0.94144893    
           1 -0.39533892    
           1  0.13174474    
           1  -1.5634692    
           1 -0.26221460    
           1 -0.55503315    
           1 -0.32731387    
           1 -0.41666692    
           1 -0.77076930    
           1 -0.25009203    
           1  0.76264215    
           1 -0.62112403    
           1 -0.20179896    
           1 -0.30678639    
           1  5.89562729E-02
           1  -1.0997689    
           1  -1.2882807    
           1  -1.0202897    
           0   0.0000000    
           1 -0.22029933    
           1 -0.65456969    
           1 -0.30923915    
           1  0.82997400    
           1  0.23829781    
           1  -1.5928227    
           1  -1.5927217    
           1 -0.58267671    
           1 -0.16559786    
           1  -1.2251922    
           1  0.14807737    
           1  0.28236246    
           1  0.48525536    
           0   0.0000000    
           1  -1.6971554    
           1  0.65136683    
           1  0.64383483    
           1  6.29001930E-02
           1 -0.69573992    
           1 -0.26967546    
           1 -0.64207256    
           1 -0.60541159    
           1 -0.39999244    
           1 -0.70476872    
           1 -0.76297396    
           1 -0.95389706    
           1 -0.29221052    
           1 -0.50103688    
           1 -0.49942377    
           1  0.60567230    
           1   1.0424336    
           1  0.49390557    
           0   0.0000000    
           1  0.70524961    
           1   1.1860636    
           1  0.13370673    
           1  0.60923558    
           0   0.0000000    
           1  0.58636206    
           0   0.0000000    
           1  0.67002094    
           1   1.3112710    
           1  0.52490872    
           0   0.0000000    
           1  -1.7379736    
           1 -4.25100215E-02
           1  0.14539950    
           1 -0.25722936    
           1  0.75816834    
           1   1.1293526    
           1 -0.55933285    
           1   1.6681049    
           1  0.51440042    
           1  2.82917470E-02
           1   1.2670692    
           0   0.0000000    
           1   1.4256252    
           1  0.71306801    
           1  -3.5188727    
           1  0.46170372    
           1  1.97026469E-02
           1   1.0248700    
           1  -1.1151706    
           0   0.0000000    
           1  0.10663342    
           1   1.1413754    
           1  0.24452060    
           1   1.5039817    
           0   0.0000000    
           1  0.41403344    
           1  -1.7610828    
           1   1.3660425    
           1   1.1106790    
           1  0.67261034    
           1   1.5588701    
           0   0.0000000    
           1   1.2631401    
           1  0.62219709    
           1  0.15600213    
           1   1.2544380    
           1  0.69873643    
           1  0.53497148    
           1  0.70762998    
           1  0.39839378    
           1  0.20596111    
           1  0.17791498    
           1  0.68620247    
           1 -0.62784988    
           1  0.22121592    
           1   1.0280175    
           0   0.0000000    
           0   0.0000000    
           0   0.0000000    
           1 -0.42286798    
           1 -0.18698952    
           1  0.22161518    
           1  -1.1472574    
           1  0.35731533    
           1 -0.84210914    
           0   0.0000000    
           1 -0.86870760    
           1 -0.84989887    
           1  0.56313390    
           1  0.64056188    
           1  0.61379087    
           1  0.62033415    
           1  0.59568602    
           1   1.2474382    
           1  0.17578706    
           0   0.0000000    
           1   1.1421812    
           1  -1.2497585    
           1 -5.80638461E-03
           1  0.36942455    
           1   1.7196280    
           1   1.0428491    
           1  0.43015236    
           1 -2.44564302E-02
           1   1.9426695    
           1   2.1116178    
           1   1.9194386    
           1  0.38593954    
           0   0.0000000    
           1   1.1924599    
           0   0.0000000    
           1  0.67244869    
           1   2.0774131    
           1  -2.1008470    
           1  -1.8148766    
           0   0.0000000    
           1 -0.39808884    
           1   2.0025024    
           1   1.6409277    
           1  0.23737530    
           1  6.65557906E-02
           1   1.2498699    
           1  0.20943536    
           1  0.31080589    
           0   0.0000000    
           1 -0.10160518    
           1 -0.19765139    
           1  0.36055779    
           1  0.91492909    
           1  0.74224836    
           1  0.12281121    
           1  2.48896498E-02
           1  0.10235719    
           1   1.6445498    
           0   0.0000000    
           1  7.65289664E-02
           1   2.1088805    
           1   1.2859524    
           0   0.0000000    
           0   0.0000000    
           1  0.23484881    
           1   1.2387915    
           1   2.2181578    
           1  0.18171382    
           1  0.11954051    
           1   1.7214562    
           1  0.14692591    
           1  0.14692591    
           1  0.47533849    
           1 -0.23325306    
           1  0.11335991    
           1   2.2338123    
           1   1.5845510    
           1   2.1408761    
           1   2.4398053    
           1   2.0018487    
           1 -0.51882160    
           1   1.6101226    
           1  -1.7557800    
           1   1.8799686    
           1   1.4633214    
           1   2.2363422    
           1  -2.3460250    
           1   2.3061125    
           1  -1.0620495    
           1  4.04554307E-02
           1  0.56891811    
           1   1.0939375    
           1  0.49069265    
           1   2.2063148    
           1  0.91111779    
           1   1.3921099    
           1 -0.53740692    
           1  -1.5647954    
           1   1.9017913    
           0   0.0000000    
           0   0.0000000    
           1   2.4698710    
           0   0.0000000    
           1 -0.83756250    
           1  0.85247093    
           1  -1.9637684    
           1  0.65660143    
           1   1.0616238    
           1  0.18619739    
           1  -1.1428449    
           0   0.0000000    
           0   0.0000000    
           1  -4.3675570    
           1  1.60375815E-02
           1  0.50586146    
           1   2.2105412    
           1   1.7963204    
           1  -2.2437615    
           1   2.2559988    
           1 -7.48789730E-03
           1  -1.1704332    
           1  -1.3453887    
           1   1.9822794    
           0   0.0000000    
           1   1.1799539    
           1   1.4674387    
           1   1.5155209    
           1   1.7248908    
           1   1.7888057    
           1   2.1864986    
           0   0.0000000    
           1 -0.48383611    
           1  0.93737876    
           1 -0.34856650    
           1  0.33864293    
           1   1.5045537    
           1  0.46438122    
           0   0.0000000    
           1  0.12473738    
           1   3.1452332    
           1  5.17994910E-02
           1   1.2301830    
           1  0.21241178    
           1   1.7936740    
           1  -1.7772856    
           1  0.92995167    
           1  0.91874379    
           1   2.1255362    
           1   1.0570927    
           0   0.0000000    
           1   1.8764119    
           1  -1.0626259    
           1   1.8576145    
           1   1.0101733    
           1  -1.9589182    
           1   1.1573145    
           1  0.87480909    
           1 -0.62152296    
           1  0.52388757    
           1   1.4128538    
           1  0.52198571    
           1  -1.1027740    
           1  0.60741419    
           1 -0.42322686    
           1  0.38768145    
           1  0.97884166    
           1  0.63711333    
           1  0.94057977    
           1  0.49499911    
           1  -1.1234593    
           1 -0.38548529    
           1 -3.21246125E-02
           1 -0.30766004    
           1 -0.78027970    
           1 -0.70821190    
           1 -0.26922894    
           1 -0.74488425    
           1  -1.0024614    
           1 -0.85536253    
           1 -0.50205439    
           1 -0.15816645    
           1 -0.51491082    
           1 -0.83836395    
           1  -1.6058533    
           1  0.28457096    
           0   0.0000000    
           1 -0.33953369    
           1  6.07022308E-02
           1  -1.0970569    
           1 -0.37399757    
           1  0.41034073    
           1  -1.7816569    
           1  0.37138385    
           1  0.49992022    
           1  -1.0088042    
           0   0.0000000    
           1   1.1382664    
           0   0.0000000    
           1  0.17338926    
           0   0.0000000    
           1 -1.71481865E-03
           0   0.0000000    
           0   0.0000000    
           1  0.40913877    
           1 -9.69540849E-02
           1 -5.60692176E-02
           1 -0.89826739    
           0   0.0000000    
           1  3.19972597E-02
           0   0.0000000    
           1   1.2604097    
           1  0.99506813    
           1   1.0058812    
           1   1.5904731    
           1   1.5439286    
           0   0.0000000    
           1  0.71474165    
           0   0.0000000    
           1   1.7874650    
           0   0.0000000    
           1  7.00510368E-02
           1  5.14152050E-02
           1  0.46556768    
           1 -9.67191309E-02
           0   0.0000000    
           1  1.04771480E-02
           1  0.17742172    
           1  0.12628958    
           1 -2.18526572E-02
           1 -0.44744435    
           0   0.0000000    
           0   0.0000000    
           1  0.10012934    
           1  0.59890878    
           1  -1.5017624    
