           1  6.71272278E-02
           1  -2.0156937    
           1   1.4793005    
           1  0.11726284    
           1 -0.33920193    
           1  0.17600060    
           1 -0.31790161    
           1  0.31296730    
           1  0.37824869    
           1  7.56626129E-02
           1  0.25614023    
           0 -100.000000    
           1  0.82983160    
           1 -0.28783703    
           1  0.25457954    
           1  0.34013176    
           1  0.18564415    
           1  5.33523560E-02
           1  0.24528241    
           1  0.21471882    
           1  -1.1149330    
           1  4.01477814E-02
           1 -0.33817387    
           1  4.67448235E-02
           1  0.33448219    
           1  0.32375288    
           1 -0.76592827    
           1  0.10314751    
           1 -6.24799728E-02
           1  -1.0183735    
           1  0.57998180    
           1  0.65445423    
           1  1.94702148E-02
           1  -1.7374496    
           1   1.2900352    
           1   1.4020596    
           1   1.2479000    
           1  3.55911255E-03
           1  0.16217756    
           1  0.36259413    
           1 -0.80454636    
           1 -0.33011627    
           1  7.18536377E-02
           1 -0.77639961    
           1  -1.7278595    
           1  0.16377687    
           1  -1.8271065    
           1  0.29452324    
           1  0.22837543    
           1  9.33923721E-02
           1 -0.19368839    
           0 -100.000000    
           1  0.54454613    
           1  4.44259644E-02
           1  1.56917572E-02
           1 -0.48354435    
           1 -0.48589134    
           1  -1.9314899    
           1  0.15052986    
           1 -0.37039089    
           1 -0.13241100    
           1  0.32872200    
           1   1.4153156    
           1  0.73382139    
           1   1.1990976    
           1 -0.51545334    
           1   1.0533791    
           1  7.20977783E-03
           1 -0.19628048    
           1 -4.43449020E-02
           1  0.63042355    
           1  -1.3712597    
           1  0.26780891    
           1  0.11585808    
           1  5.81264496E-03
           1  0.14672375    
           1  -1.2897539    
           1  1.40514374E-02
           1  0.21331692    
           1  -1.9920731    
           1  0.33287644    
           0 -100.000000    
           1   2.2558918    
           1   2.2374859    
           1 -0.86105156    
           1  0.16891479    
           1 -0.45400810    
           1  0.37335587    
           1  8.69765282E-02
           0 -100.000000    
           1  -1.4811268    
           1  0.51101303    
           1  0.19225693    
           1  5.64646721E-02
           1 -0.85545731    
           1 -0.23048401    
           1  8.41350555E-02
           0 -100.000000    
           1 -0.26118183    
           1 -1.30710602E-02
           1 -0.14936447    
           1   2.6137714    
           1  9.62953568E-02
           1  0.13970757    
           1  0.29390335    
           1  0.14141870    
           1 -0.25237274    
           1 -3.53546143E-02
           1 -0.39960003    
           1 -0.16020203    
           1 -9.69791412E-02
           1  0.73101234    
           1 -5.78689575E-03
           1 -0.11856556    
           1  0.23854446    
           1   1.4430885    
           1  0.15714312    
           1  0.10008669    
           1  6.38704300E-02
           1 -0.22651482    
           1 -0.71954346    
           1  0.81040287    
           1 -6.68687820E-02
           1  1.15690231E-02
           1 -2.03371048E-02
           1 -5.42964935E-02
           1  8.37850571E-03
           1  0.35241604    
           1 -0.11507988    
           1  -1.4411716    
           1  0.60638809    
           1 -1.87005997E-02
           1 -0.30344391    
           1  0.61782074    
           1  0.18496895    
           1  6.08634949E-03
           1 -0.17660236    
           1  0.11621666    
           1 -6.91671371E-02
           1  0.12035179    
           1 -0.31497765    
           1 -0.10390663    
           1 -0.32394981    
           1 -0.32666206    
           1  0.64884949    
           1  6.45904541E-02
           1  0.10780859    
           1  -1.0726109    
           1 -0.26187992    
           1  0.11829376    
           1 -0.57246399    
           1  -1.0579424    
           1  6.84890747E-02
           1 -3.75537872E-02
           1  0.22624016    
           1 -0.53213310    
           1 -0.80364609    
           1  -1.3249798    
           1 -1.30934715E-02
           1  3.00798416E-02
           1  -1.8316288    
           1 -0.11328030    
           1 -1.42769814E-02
           1 -0.31605816    
           0 -100.000000    
           1  0.35318375    
           1  0.59301186    
           1 -8.65840912E-02
           1  0.62726688    
           1 -0.43930149    
           1 -0.20401478    
           1  -1.4129429    
           1  0.38034058    
           1 -0.71149731    
           1 -0.59836960    
           1  0.33370590    
           1  0.12615776    
           1  1.55735016E-03
           1 -0.51604843    
           1  0.24693680    
           1  7.50656128E-02
           1 -0.25789928    
           1 -0.10551834    
           1 -0.17407036    
           1  0.50697136    
           1   1.2595778    
           1 -0.24731255    
           1 -0.73070145    
           1  -1.1743698    
           1 -6.00719452E-02
           1  0.22542238    
           1   1.0812054    
           1  -1.5138741    
           1  0.31923103    
           1 -4.46319580E-04
           1  -1.2530222    
           1  0.34468079    
           1  7.27472305E-02
           1   2.0900269    
           1  0.13481998    
           1 -0.46895599    
           1  0.13433266    
           1  3.41634750E-02
           1  1.20854378E-02
           1  0.98861694    
           1 -0.25918674    
           1  0.67308617    
           1  0.65988159    
           1 -0.17877769    
           1 -0.78964233    
           1  9.98725891E-02
           1  0.25397491    
           1 -0.16790295    
           1 -1.53541565E-02
           1  0.22268295    
           1 -9.75914001E-02
           1  3.85255814E-02
           1  0.49700356    
           1  0.17211533    
           1   1.0153255    
           1 -9.08250809E-02
           1 -0.49000740    
           1  1.84130669E-02
           1  0.96590805    
           1  6.14118576E-02
           1  8.38413239E-02
           1  7.95102119E-02
           1  9.98201370E-02
           1  0.41333866    
           1  0.61607361    
           1  0.42802620    
           1  0.10293865    
           1  7.40280151E-02
           1  -1.7709618    
           1 -5.39445877E-03
           1 -0.49291229    
           1 -0.49844742    
           1  0.49247169    
           1 -0.96313477    
           1  -1.8344727    
           1  -1.6629944    
           1 -0.98337746    
           1 -0.91985321    
           0 -100.000000    
           0 -100.000000    
           1  -1.0919356    
           1 -0.73660755    
           1  -2.5621166    
           1 -0.34830093    
           1  -2.0574837    
           1  -2.5668488    
           1 -0.94398880    
           0 -100.000000    
           1  -1.4685020    
           1  -1.4449081    
           1  -2.6673450    
           0 -100.000000    
           1  -1.7250366    
           1  -1.7502403    
           0 -100.000000    
           1 -0.41261673    
           1  -1.6756802    
           1 -0.81976366    
           1 -0.29276943    
           1  -4.1801453    
           1  5.67636490E-02
           1 -0.68484259    
           1 -0.54639816    
           1 -0.89502716    
           1  -1.2675748    
           1 -7.31086731E-03
           1 -0.84387875    
           1  4.36477661E-02
           1 -0.88502789    
           1 -0.14155293    
           1  -2.5490875    
           1  -2.2979612    
           1  -2.4544315    
           1  -2.2358866    
           1 -0.29102516    
           1  -2.2936573    
           1 -0.91155434    
           1  0.48728561    
           1  -2.2901640    
           1  -1.9280787    
           1 -0.55784988    
           1  -1.7175016    
           1 -0.49066448    
           1 -0.40388966    
           1 -0.69036484    
           1  2.13818550E-02
           1 -3.82809639E-02
           1 -0.62604570    
           1  -1.0173225    
           1 -0.14947271    
           1 -1.15613937E-02
           1  -1.4230938    
           1 -0.43095875    
           1 -0.87423420    
           1 -0.70375824    
           1  -2.3693962    
           1  -2.2932777    
           1  -2.2631369    
           1  -1.0626779    
           0 -100.000000    
           0 -100.000000    
           1 -0.10039902    
           1  -2.2462120    
           1  -1.5198097    
           1 -5.41963577E-02
           1  0.42035770    
           1 -0.29553843    
           1  -2.8686504    
           1  0.90967178    
           1  0.83030891    
           0 -100.000000    
           1  0.72454262    
           1 -0.41817760    
           1 -0.57406664    
           1 -0.45339203    
           1  -2.3351707    
           1  -1.2407308    
           1 -0.84742737    
           1  -1.5918808    
           1  -1.3645558    
           1  -2.7355309    
           1 -0.60119247    
           1 -8.49618912E-02
           1  -2.2514658    
           1 -0.63732433    
           1  -2.1798649    
           1  -1.0500703    
           1  -4.1188431    
           1 -0.37268639    
           1 -0.16205168    
           1  -1.6571960    
           1 -0.73467684    
           1 -0.67955685    
           1  -1.0704737    
           1 -0.59237194    
           1 -0.33750534    
           1  4.78439331E-02
           1 -0.15327930    
           1 -0.17756081    
           1  -1.9653931    
           1   1.5139637    
           1 -0.16203594    
           1  -2.2248211    
           1 -0.73635387    
           1 -0.66011715    
           1  0.27856445    
           1  -1.4488182    
           1  -1.4170785    
           1  -1.6758118    
           1  -2.3571205    
           1 -0.55980682    
           1  -2.6713352    
           1 -0.48098278    
           1  0.41793442    
           1  -1.1344719    
           1 -0.84369850    
           1 -0.64326859    
           1  -2.3009739    
           1 -0.14115095    
           1 -0.97075653    
           1 -0.78755665    
           1  -1.6266394    
           1  -1.4498787    
           1  -2.6707821    
           1  -1.4366035    
           1  -2.4245567    
           1  -1.3819714    
           1 -0.57927990    
           1  -2.0801201    
           1  -3.1705551    
           1 -8.14533234E-02
           1 -0.95412922    
           1 -0.56524277    
           1 -0.36627007    
           1 -0.69977856    
           1 -0.79142666    
           1 -0.30192757    
           1  -2.2721596    
           1 -0.61868286    
           1 -0.67726517    
           1  -1.4609141    
           1  0.87844467    
           1 -0.48545456    
           1 -0.32321930    
           1 -0.35734367    
           1  -2.5274391    
           1 -0.31962156    
           1 -0.67025137    
           1 -0.59995270    
           1  -1.5277910    
           1  -1.4873085    
           1 -0.73176193    
           1 -0.57637596    
           1  -2.5338707    
           1  -2.5359573    
           1 -0.89074278    
           1  0.52504921    
           1  -1.6971426    
           1 -0.60735369    
           1 -0.45293236    
           1 -0.62007380    
           1 -0.99921417    
           1  -1.0485678    
           1 -0.39434052    
           1  -1.6341524    
           1 -0.25458813    
           1  -2.3745422    
           1 -0.44603729    
           1 -0.88617992    
           1 -0.86453629    
           1  -1.1379890    
           1  -1.5899372    
           1  -1.7576485    
           1  -2.6260386    
           0 -100.000000    
           1   1.7102127    
           1  0.72504425    
           1  -2.3388062    
           1  -2.5766735    
           1   1.3255329    
           1  0.66611099    
           1   2.1997147    
           1  -1.6055079    
           1  -2.3544903    
           1  -2.5122089    
           1  0.71916580    
           1  -2.8333855    
           1 -0.74994278    
           1  -1.9648781    
           1  -2.3772650    
           1  -2.7376480    
           1 -0.27647781    
           1  -2.4307365    
           1  -2.1904745    
           1  0.15093231    
           1 -4.29744720E-02
           1   1.0065994    
           1 -0.55125618    
           1 -9.75036621E-02
           1 -4.84056473E-02
           1  -1.0852604    
           1  -2.0841885    
           1 -0.13004684    
           1  0.80608654    
           1 -0.40163612    
           1  0.50735950    
           1  0.39579582    
           1 -0.46306038    
           1 -0.64880371    
           1 -0.10171366    
           1 -0.23897982    
           1  4.05073166E-03
           1  -2.9047527    
           1  -1.6948490    
           1  -2.4345541    
           1 -0.66972542    
           1  7.76252747E-02
           1  7.99217224E-02
           1  -2.5655012    
           1  -1.9919481    
           1 -0.45306873    
           1  -1.6021595    
           1  -1.8938265    
           1  -2.8215065    
           1 -0.17722797    
           1  -2.3608799    
           1 -0.40027618    
           1 -0.14115524    
           1 -0.24689913    
           1 -0.46156740    
           1  -1.1797600    
           1 -0.23818874    
           1 -0.68560505    
           0 -100.000000    
           1  -2.6687059    
           1  5.85107803E-02
           1 -0.34927797    
           1  -2.1927319    
           1  0.70174789    
           1 -0.31280136    
           1 -0.16546059    
           1  0.78505993    
           1  0.79045200    
           1  0.99358368    
           1 -0.18735027    
           1  0.71012878    
           1 -1.77621841E-03
           1  -2.1703215    
           1  -2.7139378    
           1 -0.16494751    
           1   1.5489197    
           1  -2.0867186    
           1  -2.5660782    
           1 -4.03718948E-02
           1  -1.0211186    
           1 -0.78051376    
           1  -2.6204300    
           1   1.0467644    
           1 -0.97257805    
           1  -2.7744560    
           0 -100.000000    
           1  0.32201004    
           1  -2.8569098    
           1  -2.5008049    
           1  0.69695663    
           1 -0.26477098    
           1  -2.0030737    
           1 -0.89590502    
           0 -100.000000    
           1  3.49988937E-02
           1  0.67128372    
           1  0.36593246    
           1  -2.4840240    
           1  -2.4071159    
           1  -1.6327114    
           1  -1.7298889    
           1  -2.5307484    
           1   1.5590038    
           1 -0.16842556    
           1 -0.28909492    
           1  2.75325775E-03
           1  9.64980125E-02
           1  -1.9244928    
           1  -1.2934237    
           1 -0.39780617    
           1  0.83270073    
           1  4.46109772E-02
           1 -0.13335609    
           1 -9.11593437E-02
           1  0.83922863    
           1  -2.7100201    
           1  0.62866974    
           1   1.9434395    
           1  0.62744808    
           1  0.70798588    
           1 -6.73952103E-02
           1  0.14651680    
           1  0.47669697    
           1  -1.1320000    
           1 -0.83351040    
           1 -0.76819754    
           1 -0.23472309    
           1  -1.6742620    
           1  0.57340145    
           1 -0.20670128    
           1  -2.6677952    
           1   1.4981079    
           1 -8.82530212E-02
           1  -2.3331966    
           1  0.44131470    
           1  0.14163876    
           1  -2.5898886    
           1  -1.5990639    
           1  0.72014046    
           1  0.75065327    
           1  -1.5949450    
           1  0.55771255    
           1  -2.5272121    
           1   2.9475136    
           1  -1.2003307    
           1 -8.13465118E-02
           1  -1.5282621    
           0 -100.000000    
           1  -2.6261101    
           1   1.4652328    
           1  0.16513824    
           0 -100.000000    
           1 -0.86677742    
           1   1.2441463    
           1  -1.5808144    
           1  -1.9703903    
           1  -1.3674107    
           1 -0.39205933    
           1  0.26943588    
           1 -0.84957886    
           1 -0.25441360    
           0 -100.000000    
           1  -2.3933640    
           1 -0.12029266    
           1   1.0107288    
           1  -1.5664024    
           1  0.33285284    
           1  -1.8529415    
           1  -2.0649891    
           1  -1.5097198    
           1  0.44788933    
           1  -1.1957893    
           1  -1.5690346    
           1  0.52341270    
           1 -8.19978714E-02
           1  -2.1419783    
           1  -2.3223743    
           1 -0.25749207    
           0 -100.000000    
           1 -0.61601734    
           1 -0.70543385    
           1  0.20577240    
           1  0.30937576    
           1 -0.21463966    
           1  0.62838650    
           1  0.10680676    
           1  0.15680504    
           1  -2.0363522    
           1  -1.8376694    
           1   1.1031895    
           1  0.36295891    
           1  0.13349962    
           1  0.44599152    
           1 -0.48901367    
           1  -2.3534184    
           1 -0.55081749    
           1  0.15275955    
           1 -5.10530472E-02
           1  0.71919823    
           1   1.3342838    
           1  0.68907928    
           1   3.4422569    
           1  0.21266747    
           1  -1.1642017    
           1  -1.8156013    
           1  -1.7806015    
           1  -2.3616772    
           1  -2.0812645    
           1   1.0054169    
           1   1.4717789    
           1  -1.0340919    
           1   1.2720490    
           1  -1.2247715    
           1  0.24977398    
           1  0.61582375    
           1  0.28788376    
           1   1.4916077    
           1 -0.28629494    
           1 -1.04904175E-04
           1   2.2447777    
           1  0.26812935    
           1  -2.0716820    
           1   2.2101898    
           1   1.3031902    
           1  -1.1691189    
           1  0.39434814    
           1 -0.34410477    
           1 -0.17368698    
           1  -1.9618206    
           1   1.3300114    
           1   1.2905674    
           1  0.81520462    
           1  -1.9092827    
           1   1.4356537    
           1   2.2192497    
           1  -1.6425133    
           0 -100.000000    
           1  -1.9012032    
           1   1.4657249    
           1  -1.4323645    
           1 -0.93826294    
           1  0.43938255    
           1  0.34785557    
           1 -0.91376877    
           1  0.87503052    
           1  -3.2270317    
           1 -2.56538391E-02
           1 -0.70743561    
           1 -2.51622200E-02
           1  -3.6358528    
           1  0.24975967    
           1   1.2011452    
           1  -1.9271288    
           1  0.42639923    
           1 -7.65304565E-02
           1  -2.2717171    
           1 -8.89616013E-02
           1  -2.4943199    
           1  -1.3505135    
           1 -0.85187340    
           1   1.7649918    
           1 -3.69882584E-02
           1 -6.04209900E-02
           1 -3.04222107E-02
           1 -0.25660324    
           1  0.84136963    
           1  7.38067627E-02
           1  2.99186707E-02
           1  -1.3525314    
           1   3.1318054    
           1  -2.0960827    
           1 -0.17024326    
           1  -2.0584011    
           1  -1.4293528    
           1 -0.62710190    
           1  0.11791039    
           1  -1.8139534    
           1 -0.32906055    
           1 -0.87196732    
           1 -0.22813797    
           1   2.5086212    
           1  -1.0303917    
           1 -0.19103718    
           1 -7.03105927E-02
           1  -1.8715172    
           1 -0.29876709    
           1 -0.91680527    
           1 -0.95563698    
           1  -1.5857201    
           1  0.10190487    
           1  0.69176960    
           1  -2.0936546    
           1   2.2077179    
           1  -1.4365997    
           1 -0.75617790    
           1  0.99288177    
           1  -1.6107979    
           1  0.13002014    
           1   2.9033775    
           1   1.0486736    
           1  0.24333572    
           1   2.4712029    
           1 -0.14778137    
           1 -0.31229782    
           1   2.6187820    
           1  1.60217285E-02
           1  5.73377609E-02
           1 -7.28797913E-02
           1   1.4592133    
           1  0.82939911    
           1 -0.32575512    
           1 -0.39006042    
           1  -1.4690723    
           1  -1.3261032    
           1  -1.9945641    
           1  -1.9801102    
           1  -1.1511040    
           1   1.4607067    
           0 -100.000000    
           1  -1.9848957    
           1  0.14723778    
           1  -2.4549713    
           1 -0.36224937    
           1  0.19569588    
           1   2.1478844    
           1 -0.55887985    
           1 -2.37874985E-02
           1  -1.6695805    
           1 -0.82549667    
           1   1.9768887    
           1   1.5901260    
           1  -1.9143620    
           1  0.70950508    
           1  -1.6528091    
           1   1.5100822    
           1  -2.3235655    
           1 -0.87123108    
           1   1.2822533    
           1  0.44709778    
           1  6.73112869E-02
           1 -0.58187866    
           1  -1.4980354    
           1 -0.28535843    
           1 -0.32358313    
           1 -0.64365768    
           1 -0.57343674    
           1  -2.3826199    
           1   1.3605480    
           1  0.31537628    
           1  0.75864220    
           1   1.3634863    
           1 -0.38503265    
           1  -1.2204037    
           1 -0.52581406    
           1 -0.13357735    
           1 -0.16887856    
           1   1.1760330    
           1 -0.56112862    
           1  -1.2204781    
           0 -100.000000    
           1 -0.13499069    
           1  -1.7200508    
           1 -0.76838303    
           1 -0.28911781    
           1 -0.64245796    
           1  -1.1254082    
           1  0.27640152    
           1 -0.39720535    
           1 -0.40148544    
           1  0.49600029    
           1   1.5757351    
           1 -0.46645069    
           1 -0.89888191    
           1 -0.15233612    
           1 -0.89574242    
           1  0.45895958    
           1  -1.9196892    
           1  -1.3891487    
           1 -0.68385315    
           1  0.37286663    
           1   1.0015535    
           1 -0.78060818    
           1  0.84630394    
           1  -1.1394215    
           1  0.54989433    
           1  2.38161087E-02
           1   1.2379599    
           1   2.4351654    
           1 -0.11476326    
           1 -3.87630463E-02
           1 -0.21012688    
           1 -0.11711645    
           1  0.71252823    
           1  0.41085720    
           1  0.95069599    
           1 -0.32801056    
           1  -2.6118164    
           1 -0.31427383    
           1 -6.37664795E-02
           1 -0.85598373    
           1 -0.21360970    
           1  0.42509556    
           1  -1.0399418    
           1  4.83012199E-03
           1 -0.60568762    
           1  -1.7765865    
           1 -0.96449566    
           1  -1.6477432    
           1  -1.0360613    
           1  -2.0818272    
           1 -0.16295624    
           1 -0.56211090    
           1 -0.13980532    
           1 -0.32200909    
           1 -0.11477852    
           1  -2.6616459    
           1 -0.62973404    
           1  8.53500366E-02
           1  0.11555862    
           1 -0.23054123    
           0 -100.000000    
           0 -100.000000    
           1 -0.10658360    
           1   1.3138542    
           1  0.45500374    
           1 -2.91318893E-02
           1 -0.61901093    
           1 -0.33725548    
           1 -3.17249298E-02
           1 -0.35023499    
           0 -100.000000    
           1 -0.42134476    
           1  0.10808945    
           1 -0.44077110    
           1 -6.97154999E-02
           1 -0.36042213    
           1 -0.38377953    
           1 -0.12347984    
           1  8.94193649E-02
           1  -1.4843445    
           1  0.34244442    
           1  0.93716431    
           1 -0.23214912    
           1 -0.11443663    
           1 -0.13339567    
           1 -0.37096405    
           1 -0.29232693    
           1 -6.61840439E-02
           1 -0.11977100    
           1  -1.5848808    
           1  -1.0657310    
           1 -0.12263274    
           1 -0.97026062    
           1  8.43362808E-02
           1  0.72780418    
           1  -1.6949196    
           1 -9.02733803E-02
           1 -0.98216629    
           1   1.0679321    
           1   1.3654804    
           1  0.14384937    
           1  0.16487122    
           1  0.57735062    
           1 -4.27870750E-02
           1  0.18652439    
           1 -0.96043110    
           1  -1.4079895    
           1 -1.56745911E-02
           1 -4.03699875E-02
           1  2.36234665E-02
           1 -9.31091309E-02
           1  0.48109055    
           1 -0.31275749    
           1 -0.45805550    
           1 -0.73159599    
           1 -0.98494816    
           1  0.53435802    
           1  0.83323669    
           1  -1.2049694    
           1  0.47403049    
           1 -8.57591629E-02
           1  0.50378036    
           1   1.1447735    
           0 -100.000000    
           1 -0.59528351    
           1   1.5677929    
           1  0.82409096    
           0 -100.000000    
           1 -0.39396286    
           1 -0.66736794    
           0 -100.000000    
           1   1.8158188    
           1 -0.21650505    
           0 -100.000000    
           1  0.21508408    
           1  0.30232048    
           1 -0.17876148    
           1 -6.49623871E-02
           1  -1.6917515    
           1 -4.92525101E-02
           0 -100.000000    
           1   1.4885807    
           1 -0.78446579    
           1   1.1779366    
           1   1.2344618    
           1 -0.76779556    
           1   1.6175652    
           0 -100.000000    
           1  0.62045097    
           1 -0.73600864    
           1  0.56823826    
           1  0.96236610    
           1 -0.23692703    
           1 -0.16349983    
           0 -100.000000    
           1  0.89259529    
           0 -100.000000    
           1  0.15415573    
           1 -0.32851553    
           1  7.22608566E-02
           1  0.21982574    
           1 -0.24005127    
           0 -100.000000    
           1 -0.28419495    
           1 -0.65908575    
           1 -0.23545837    
           1  5.27391434E-02
           1  0.81326199    
           1 -9.98706818E-02
           1 -0.18097115    
           1  5.94902039E-02
           1 -0.45046997    
           1 -0.72693157    
           1 -2.82955170E-02
           1  0.82641983    
           1  1.33209229E-02
           1  0.73636913    
           1 -0.19862652    
           1 -0.16376925    
           1  0.82705498    
           1 -0.40172958    
           1 -0.46879578    
           1  0.28607845    
           1  2.17056274E-02
           1 -0.40539789    
           1 -0.46742058    
           1 -9.40418243E-03
           1 -0.23868799    
           1 -0.28255177    
           1  0.41653252    
           1 -0.42358780    
           1 -0.22809982    
           1  0.12258720    
           1  0.55631733    
           1  -1.1972733    
           1  0.64548588    
           1 -0.23001671    
           1   1.5820026    
           1  0.43106079    
           1 -0.13582420    
           1 -0.57491112    
           1  -2.4881601    
           1   1.6428862    
           1  0.73437977    
           1 -0.38473129    
           1  0.16455841    
           1 -0.20869684    
           1  0.72770596    
           1  -1.2045937    
           0 -100.000000    
           1  0.91959572    
           1 -9.90047455E-02
           1 -0.70409489    
           1  0.22087669    
           1   1.1775208    
           1 -0.22756481    
           0 -100.000000    
           1  0.62726688    
           1  0.32843399    
           1   1.0731373    
           1  0.43649673    
           1  -2.4636002    
           1 -0.74184036    
           1 -0.15131521    
           1  0.47349262    
           1 -0.38332939    
           1 -0.55620193    
           1 -0.95771217    
           1  -1.4073200    
           1 -0.25985289    
           1   1.5147743    
           1 -0.10936737    
           1   1.7072372    
           1 -4.16469574E-03
           1  -1.7649031    
           1 -0.29502583    
           1  0.60995102    
           1  0.18817616    
           1  0.11490250    
           1 -0.58019638    
           1 -1.85050964E-02
           1  4.54854965E-03
           1 -0.28832054    
           1 -6.31084442E-02
           1  0.59618473    
           1   1.1879539    
           1 -0.19788265    
           1  0.54778862    
           1 -0.12329769    
           1 -0.62257004    
           1   1.1229954    
           1  0.26278973    
           1 -0.14044189    
           1 -0.42500114    
           1  0.14161873    
           1   1.5502377    
           1 -0.31007004    
           1 -0.12994862    
           1   1.0250206    
           1  -1.9248657    
           1 -0.23449326    
           1  0.69730377    
           1   1.2711411    
           1   1.8043003    
           1 -0.66986275    
           1 -0.95204544    
           1  -2.2568760    
           1 -7.76376724E-02
           1 -0.94695663    
           1  0.60957527    
           1  0.74492836    
           1 -0.12113571    
           1 -6.04367256E-02
           1  0.58835793    
           1 -2.22520828E-02
           1   2.4668217    
           1  0.11208153    
           1 -0.19142532    
           1  0.39913750    
           1 -8.82453918E-02
           1  0.41952324    
           1  0.44831371    
           1  0.97781181    
           1  0.41321659    
           1 -0.12940502    
           1 -0.25607872    
           1 -9.15012360E-02
           1  0.33452606    
           1 -0.84215784    
           1 -0.65778351    
           1 -0.23825550    
           1  -1.6635246    
           1  0.22524261    
           1  -1.9698372    
           1  6.75334930E-02
           1 -0.25828075    
           1  0.16616726    
           1 -0.12066650    
           1 -0.38023853    
           1  0.85998631    
           1  6.32162094E-02
           1 -0.27196980    
           1 -4.10590172E-02
           1 -0.24367046    
           1 -1.77001953E-02
           1  0.82173347    
           1  -1.2975798    
           1   1.5112514    
           1 -0.44692993    
           1  0.75719833    
           1   1.4458408    
           1 -0.13066292    
           1 -0.26806736    
           1 -0.28798771    
           1 -0.71519852    
           1  0.87483406    
           1 -0.28343391    
           1 -0.17505455    
           1 -5.19466400E-02
           1 -0.17501271    
           1 -2.46973038E-02
           0 -100.000000    
           1  0.66901016    
           1 -0.29712009    
           1  0.15713406    
           1  0.14480400    
           1  1.27682686E-02
           1 -0.11834431    
           1 -3.03735733E-02
           1  0.19688916    
           1 -0.65890503    
           1 -0.64790344    
           1  0.26697159    
           1   1.6086349    
           1   1.3990860    
           1 -3.63762379E-02
           1  0.19053221    
           1 -9.59873199E-03
           1   1.3626976    
           1 -0.11039162    
           1  0.42870855    
           1 -0.25211811    
           1  7.74421692E-02
           1  0.10545015    
           1 -0.12551785    
           1  0.70696497    
           1  0.86078072    
           1 -0.24259186    
           1   2.6485252    
           1 -0.67517090    
           1  0.61477661    
           1  0.41953659    
           1 -0.14306736    
           1 -0.14306736    
           1  0.87777185    
           1  0.29687953    
           1   1.4688663    
           1   2.2557373    
           1  0.84538364    
           1 -0.17721176    
           1  -1.7616405    
           1 -0.31945801    
           1  0.49510050    
           1 -0.42970562    
           1  0.99460411    
           1 -0.17638779    
           1  0.56393981    
           1   1.5742931    
           1  0.30491066    
           1  0.80162239    
           0 -100.000000    
           0 -100.000000    
           1  5.13811111E-02
           1  9.76014137E-02
           1 -0.11038876    
           1  0.10892677    
           1 -0.11539984    
           1 -0.23137212    
           1   3.1563568    
           1   2.2762442    
           1   1.0887413    
           1   1.7618809    
           1   2.3488350    
           1 -0.97347641    
           1  0.14791012    
           1  0.49765396    
           1  0.12115955    
           1  7.66100883E-02
           1   1.7284451    
           1  0.43278503    
           1  0.12444401    
           1  0.13219261    
           1  0.87109184    
           1  0.62438798    
           1  8.58440399E-02
           1  4.06808853E-02
           1  0.19598389    
           1  0.24179053    
           1 -0.71197319    
           1 -0.16914368    
           1  0.20553589    
           1 -0.23915672    
           1 -0.50652695    
           1 -6.59942627E-02
           1   1.7406712    
           1  0.29668427    
           1   1.3640900    
           1   1.6434326    
           1 -0.16980934    
           1 -0.19247246    
           1 -0.23731709    
           0 -100.000000    
           1 -6.96043968E-02
           1  0.21195245    
           1   2.3916435    
           1 -0.33156204    
           1  -1.0544491    
           1  -1.8097830    
           1  -1.9594803    
           1  -1.5744219    
           1  -1.1979237    
           1  -1.9251518    
           1  -2.0296478    
           1  -1.5371914    
           1  -1.4252338    
           1  -1.9295292    
           1 -0.98468781    
           1 -0.59480095    
           1  -2.1947460    
           1  0.73882294    
           1  -2.0176229    
           1  -1.7748098    
           1  -1.7586079    
           1  0.72288132    
           1 -0.66983414    
           1  0.60592270    
           1 -0.28220749    
           1  -1.7247181    
           1 -0.64451218    
           1  -1.9019747    
           1  -1.4638796    
           1  -1.9613695    
           1  0.57430077    
           0 -100.000000    
           1   1.3687973    
           1   1.5416050    
           1   2.3667850    
           0 -100.000000    
           1   1.9942474    
           1   1.9081821    
           1   2.4245510    
           1   1.8046627    
           1 -0.74499989    
           1   2.1867218    
           1   1.7344866    
           0 -100.000000    
           1   1.1838303    
           1   1.9593201    
           1   2.4534283    
           1   2.0331268    
           1   2.2758923    
           1  0.95636749    
           1  0.69527435    
           1   2.5645275    
           1   3.1040344    
           1   2.3263493    
           1   1.8717842    
           1  8.07666779E-02
           1   1.6237812    
           1   1.7944727    
           1  0.52996492    
           1 -5.71656227E-02
           1   1.4221239    
           1 -0.46604156    
           1  0.94758797    
           1   1.1110611    
           1   1.6202784    
           1 -0.35493755    
           1  0.43817139    
           1  0.60337067    
           0 -100.000000    
           1   1.9337959    
           1   3.8625031    
           1   1.8531170    
           1   2.0749950    
           1  0.72855091    
           1   1.9315510    
           1  -2.4922123    
           1 -5.37977219E-02
           1   2.1796532    
           1   2.1682091    
           0 -100.000000    
           0 -100.000000    
           1   2.2229156    
           1  0.77840614    
           1  0.11341667    
           1  -2.5228882    
           1 -0.97911072    
           1 -0.14187622    
           1 -0.20617962    
           1   2.3141155    
           1  -1.8715076    
           1  -1.8639946    
           1   2.5629349    
           1   1.7828178    
           1   2.1977100    
           1   2.1875916    
           1 -0.50676727    
           1  -2.3609009    
           1  0.94198418    
           1  0.65675259    
           1  -2.5464554    
           1   1.2605896    
           1  -2.8928337    
           1 -4.11605835E-03
           1  3.79180908E-03
           1  -1.8669891    
           1 -2.37402916E-02
           1 -0.10432625    
           1  -1.0858765    
           1   1.6184464    
           1  -1.7443676    
           1  0.78894043    
           1  0.33261681    
           1  0.94843674    
           1 -0.79489708    
           1   1.5962610    
           1   2.1908474    
           1  0.14284992    
           1   1.2759495    
           1 -7.16590881E-02
           0 -100.000000    
           1  -1.8396816    
           1   1.1205053    
           1  6.29615784E-03
           1   2.5162563    
           1   1.2043333    
           0 -100.000000    
           1  0.76835632    
           1   1.0731382    
           1  2.55994797E-02
           1  -1.3253212    
           1   2.1724319    
           1   1.9598198    
           1 -2.20041275E-02
           1 -0.10077524    
           1  0.32555294    
           1  -2.1886215    
           1  0.98870850    
           1  -1.0249596    
           1   2.1822491    
           1   1.7584820    
           1 -7.79953003E-02
           1   1.8537016    
           1   1.1384592    
           1  0.27489853    
           1  -1.1877594    
           1  -1.4435005    
           1  -1.2769623    
           1   2.7687702    
           1   2.1691360    
           1   1.5204563    
           1  0.39051247    
           1  0.28689480    
           1 -0.72330475    
           1 -8.25719833E-02
           1   2.2653751    
           1  -2.1784134    
           1 -0.91649914    
           1 -4.25977707E-02
           1 -0.18709564    
           1   3.7010803    
           1  -1.0979118    
           1 -0.24071884    
           1  -1.5828934    
           1  0.32012463    
           1  0.78464508    
           1  -3.3401794    
           1   3.1894073    
           1 -0.45873642    
           1  -2.5324650    
           1  0.33335114    
           1   1.8009872    
           1  0.22271299    
           1  0.54630280    
           1   2.9513474    
           1  6.11982346E-02
           1   1.7747612    
           1  0.51869488    
           1   2.9760056    
           1 -0.15242577    
           1 -0.40322685    
           1   2.9568214    
           1  0.43920803    
           1  0.33806610    
           1   3.3216095    
           1   1.5084715    
           1  -2.8298645    
           1  0.47324038    
           1  -1.7376690    
           1 -8.33320618E-03
           1   1.0443726    
           1  0.81916046    
           1  0.87504387    
           1  -1.8012009    
           1   1.8161240    
           1   1.8949184    
           1  -2.6962547    
           1  0.92449093    
           1   1.7303772    
           1  -1.7376823    
           1 -0.28334141    
           1   1.6390152    
           1  0.88537693    
           1 -2.09312439E-02
           1  0.24871349    
           1  0.15904236    
           1  4.51192856E-02
           1 -0.45992088    
           1  0.67476273    
           1  -1.4800625    
           1  0.22580051    
           1  0.80210304    
           1  0.63313222    
           1  0.19003868    
           1 -4.17509079E-02
           1 -0.23933029    
           1  0.50103283    
           1  0.20173550    
           1  -1.2800751    
           1  0.69144058    
           1  0.46151257    
           1 -2.88944244E-02
           1  0.63333130    
           1  -1.0140991    
           1   1.0702839    
           1 -0.45910645    
           1  0.70365715    
           1 -0.46529388    
           1  -1.5333138    
           1  -1.5193844    
           1  -1.3019028    
           1  -1.7248287    
           1 -8.99772644E-02
           1  0.24764442    
           1 -0.79374695    
           1  0.88659859    
           1  0.94944191    
           1  0.22319937    
           1   2.0088806    
           1  0.31126976    
           1  0.24225616    
           1  0.45187092    
           1  -1.8143291    
           1   1.0811043    
           1  0.60257530    
           1   1.1521759    
           1  0.21073437    
           1   1.1689620    
           1   1.3153114    
           1   1.3232861    
           1  0.21140957    
           1   1.5154386    
           1  0.99833679    
           1  0.24604893    
           1  0.51312256    
           1   1.6354542    
           1  0.90131187    
           1  0.33032513    
           1   1.1550941    
           1 -5.03768921E-02
           1  0.95176697    
           1  -1.1611309    
           1  -1.1831894    
           1  0.48802090    
           1  0.78008747    
           1  -1.5658855    
           1 -0.83594513    
           1  -1.6204987    
           1  0.22852898    
           1  0.53850937    
           1  0.46287537    
           1  0.26687527    
           1 -6.24351501E-02
           1  0.37309170    
           1  0.14770412    
           1 -0.56390381    
           1  0.30320930    
           1  0.24642754    
           1  -1.2694263    
           1  0.38058853    
           1  0.35875130    
           1   1.4193573    
           1   1.4688110    
           1  0.52553940    
           1  0.26532269    
           1   1.3787251    
           1  0.66739178    
           1  0.21512699    
           1 -0.98609352    
           1  2.48165131E-02
           1  0.61791706    
           1  0.89108372    
           1 -0.93971062    
           1  5.59740067E-02
           1  -1.7134247    
           1  0.28800106    
           1 -3.16057205E-02
           1 -0.27921581    
           1  0.20005322    
           1 -0.44947815    
           1  -1.1292171    
           1  0.35793781    
           1 -0.92294121    
           1  0.44459534    
           1 -0.84806061    
           1   1.4036407    
           1  0.71125555    
           1  0.94029617    
           1  0.85836411    
           1  0.46196747    
           1  0.49887466    
           1  2.26688385E-03
           1  0.56704521    
           1  0.57139587    
           1  0.97935438    
           1  0.26826286    
           1  0.96515656    
           1  -1.2959290    
           1  0.14186347    
           1   1.9650612    
           1  0.40618062    
           1  0.91289759    
           1   1.1132202    
           1  0.54216957    
           1  0.22883701    
           1 -0.94764709    
           1  0.90530872    
           1  0.96842194    
           0 -100.000000    
           1  0.98403168    
           1  0.23820639    
           1  0.22585392    
           1  -1.6346169    
           1  0.61263990    
           1  -1.1204004    
           1 -0.24515057    
           1 -0.83228207    
           1 -0.67566967    
           1 -0.22044182    
           1 -0.94048119    
           1 -0.80806303    
           1   1.4762306    
           1 -0.41194916    
           1 -0.16146278    
           1  0.13998127    
           1 -0.52420998    
           1 -0.63697004    
           1 -0.11718082    
           1 -0.43621445    
           1 -1.71470642E-03
           1  0.70882034    
           1  0.81871033    
           1  0.31054640    
           1  0.14396572    
           1  0.22473717    
           1  0.62500191    
           0 -100.000000    
           1  0.17917919    
           1  0.84786987    
           1  0.93709946    
           1  0.10447788    
           1  6.02884293E-02
           1  3.37371826E-02
           1  0.52840328    
           1  0.19352055    
           1  0.19352055    
           1  0.17865944    
           1  -1.2886410    
           1 -0.31080723    
           1 -4.80537415E-02
           1 -0.80382729    
           1 -0.71623850    
           1 -0.73163128    
           1  -1.1873703    
           1  -2.0251465    
           0 -100.000000    
           1 -0.70974350    
           1 -0.72777557    
           1 -0.63523293    
           1  -1.5323639    
           1 -0.93714333    
           1  -1.3711333    
           1  -1.0313034    
           1  -1.1080132    
           1 -0.81446409    
           1 -0.85589027    
           1 -0.72977734    
           1 -0.16046524    
           1  -1.1342411    
           1 -0.86935139    
           1  -1.0342846    
           1 -0.86954021    
           1 -0.81009960    
           1 -0.85516238    
           1  -1.3605652    
           1 -0.68446493    
           1 -0.77653313    
           1  -1.3576107    
           1  -1.7158566    
           1 -0.70368195    
           1 -0.68529510    
           1  -2.0082455    
           1 -0.73159266    
           1 -0.78437805    
           1  -1.4865866    
           1  7.26547241E-02
           1 -3.67879868E-03
           1  6.67943954E-02
           0 -100.000000    
           1 -0.34028435    
           1  -2.2753983    
           1 -0.25358582    
           1 -4.85656261E-02
           1 -5.59725761E-02
           1  7.25383759E-02
           1  0.33197403    
           1  -1.2455902    
           1  -1.5227566    
           1 -0.57555342    
           1 -0.21768379    
           1  1.76744461E-02
           1 -0.10195827    
           1 -0.26012516    
           1 -0.10062647    
           1 -0.13947582    
           1 -4.75726128E-02
           1 -0.90695763    
           1  -1.1947289    
           1 -0.14099669    
           1 -8.00457001E-02
           1 -1.59683228E-02
           1  -2.2462082    
           1  -2.6464853    
           1 -3.11560631E-02
           1  -1.5251904    
           1 -3.77764702E-02
           1 -5.03706932E-02
           1 -5.07655144E-02
           1  1.54595375E-02
           0 -100.000000    
           1  3.18241119E-02
           1  1.06668472E-03
           1  -1.3873978    
           1  3.97024155E-02
           1  3.00121307E-02
           1  0.22341871    
           1  0.38592243    
           1  0.19572544    
           1  0.60943127    
           1  0.32204437    
           1   1.9639997    
           1 -0.10158920    
           1  0.38820457    
           1  0.38820457    
           1  0.35028172    
           1 -0.71231270    
           1  0.10394382    
           1  -1.1283827    
           0 -100.000000    
           1 -0.77420235    
           1 -0.23022699    
           0 -100.000000    
           1 -0.82228088    
           1 -0.67927980    
           1 -0.19396210    
           1 -0.48167419    
           1  0.38386536    
           1 -0.95266914    
           1 -0.81624556    
           1  0.75322342    
           1 -0.41995239    
           1 -0.16446018    
           1  0.14043522    
           1  -1.9488964    
           1  0.26610756    
           1  2.97851563E-02
           0 -100.000000    
           1  -1.9204025    
           1 -0.71719646    
           1 -0.46837711    
           1  -1.0134888    
           1 -0.82853127    
           1  -1.5491371    
           1 -0.93001556    
           1 -0.71518326    
           1 -0.77528000    
           1  0.67304420    
           1 -0.67730331    
           1 -0.43810749    
           1 -0.58584118    
           1 -0.45443153    
           1 -0.65208054    
           1  0.11520100    
           1 -0.46224308    
           1 -0.51400089    
           1 -0.83966398    
           1 -0.53838158    
           1  9.09290314E-02
           1  -1.5814648    
           1  2.02751160E-02
           1 -0.50518322    
           1 -0.30530310    
           1 -0.23076820    
           1 -0.46771622    
           1 -0.27939034    
           1  0.46048164    
           1 -0.61950111    
           1 -0.31676292    
           1 -0.48296928    
           1  6.78901672E-02
           1  -1.0701284    
           1  -1.4011288    
           1  -1.0487471    
           0 -100.000000    
           1 -0.26346970    
           1 -0.65325069    
           1 -0.63456345    
           1  0.85453415    
           1 -6.72702789E-02
           1  -1.4076767    
           1  -1.7667770    
           1 -0.55037308    
           1 -0.16970158    
           1  -1.4073668    
           1  4.43267822E-03
           1  3.97109985E-02
           1  0.30049324    
           0 -100.000000    
           1  -1.8120232    
           1  0.72111702    
           1  0.70424843    
           1  3.02848816E-02
           1 -0.65405846    
           1 -0.48334694    
           1 -0.42208862    
           1 -0.58359146    
           1 -0.34868193    
           1 -0.64758682    
           1 -0.71502209    
           1  -1.1511974    
           1 -0.22510910    
           1 -0.43250656    
           1 -0.45228004    
           1  0.56728172    
           1  0.91521168    
           1  0.35539246    
           0 -100.000000    
           1  0.46104622    
           1   1.3988037    
           1  0.16355896    
           1  0.66656876    
           0 -100.000000    
           1  0.45088768    
           0 -100.000000    
           1  0.43515491    
           1   1.2786341    
           1  0.36604500    
           0 -100.000000    
           1  -2.3114777    
           1 -0.20357513    
           1 -0.52066422    
           1  6.46591187E-03
           1  0.57419205    
           1   1.1456213    
           1 -0.59838295    
           1   1.8603973    
           1  0.37105179    
           1 -0.17715836    
           1   1.2217484    
           0 -100.000000    
           1   1.4156790    
           1  0.52504349    
           1  -2.2520180    
           1  0.31227684    
           1  0.36910248    
           1  0.93447495    
           1  -1.2523174    
           0 -100.000000    
           1  1.48487091E-02
           1   1.5469131    
           1  0.16741180    
           1   1.6992569    
           0 -100.000000    
           1  0.14753723    
           1  -2.5885391    
           1   1.5375443    
           1  0.96051693    
           1  0.24190617    
           1   1.6033783    
           0 -100.000000    
           1   1.2425137    
           1  0.38033867    
           1 -0.14909840    
           1   1.2068405    
           1  0.46101952    
           1  0.55454254    
           1  0.83938885    
           1  0.13628578    
           1  0.70092201    
           1  7.51819611E-02
           1  0.51883030    
           1 -0.58436584    
           1 -0.45037651    
           1   1.0312805    
           0 -100.000000    
           0 -100.000000    
           0 -100.000000    
           1 -0.48056412    
           1 -0.33428574    
           1  0.52845001    
           1  -1.2387199    
           1 -0.36330986    
           1 -0.90334511    
           0 -100.000000    
           1 -0.98014069    
           1  -1.0061035    
           1  0.42174911    
           1  0.56701660    
           1  0.55960655    
           1  0.48801613    
           1  0.71360016    
           1   1.2060318    
           1 -5.45177460E-02
           0 -100.000000    
           1   1.2929592    
           1  -1.2205849    
           1 -0.22449017    
           1  0.15972137    
           1   1.7510004    
           1  0.90731955    
           1  7.49797821E-02
           1 -0.11780930    
           1   2.0215988    
           1   2.4297037    
           1   2.0765944    
           1  2.11668015E-02
           0 -100.000000    
           1   1.2091975    
           0 -100.000000    
           1  0.47936249    
           1   2.3561230    
           1  -2.2125931    
           1  -1.9761391    
           0 -100.000000    
           1 -0.51945019    
           1   2.2317677    
           1   2.0370884    
           1  5.47466278E-02
           1 -8.88557434E-02
           1   1.0382824    
           1 -5.93185425E-03
           1 -1.59931183E-03
           0 -100.000000    
           1 -0.26430893    
           1 -0.36243629    
           1  0.21977234    
           1  0.80100298    
           1  0.48731136    
           1 -0.21402550    
           1  9.74769592E-02
           1 -0.28933239    
           1   2.3072643    
           0 -100.000000    
           1 -5.73883057E-02
           1   2.3229818    
           1   1.4997258    
           0 -100.000000    
           0 -100.000000    
           1 -5.21788597E-02
           1   1.6343689    
           1   2.1843147    
           1 -0.23499513    
           1 -0.14445019    
           1   1.9513521    
           1 -0.14896011    
           1 -0.14896011    
           1  0.22642851    
           1 -0.25518513    
           1  0.59343338    
           1   2.5583858    
           1   1.1761837    
           1   2.0924911    
           1   2.4895725    
           1   1.9568405    
           1 -0.61027527    
           1   1.3133316    
           1  -1.4613972    
           1   1.7965021    
           1   1.2990122    
           1   2.2566948    
           1  -2.0351257    
           1   2.3130617    
           1 -0.68270683    
           1 -4.53586578E-02
           1  0.32842827    
           1  0.80818558    
           1  0.33293152    
           1   2.1938496    
           1   1.1828613    
           1   1.2908792    
           1  6.77871704E-03
           1  -1.7802219    
           1   1.7986012    
           0 -100.000000    
           0 -100.000000    
           1   2.5379429    
           0 -100.000000    
           1 -0.53727150    
           1  0.70977211    
           1  -2.1927738    
           1   1.3315735    
           1  0.78594971    
           1  4.23717499E-02
           1  -1.3077860    
           0 -100.000000    
           0 -100.000000    
           1  -3.6227875    
           1 -0.10050750    
           1   1.0253448    
           1   2.2015476    
           1   1.9359531    
           1  -1.7453461    
           1   2.3678589    
           1 -7.29904175E-02
           1  -1.2352333    
           1  -1.4771805    
           1   2.1745033    
           0 -100.000000    
           1   1.0330372    
           1   1.5237541    
           1   1.3647861    
           1   1.4719820    
           1   1.5670586    
           1   2.6133480    
           0 -100.000000    
           1 -0.62699318    
           1   1.2804546    
           1   1.5934906    
           1  0.23648310    
           1   1.5131798    
           1  0.31922388    
           0 -100.000000    
           1  3.30734253E-02
           1   2.9139404    
           1  3.29589844E-03
           1   1.0911980    
           1  4.35791016E-02
           1   1.5379715    
           1  -1.7346687    
           1  0.82669067    
           1  0.88211632    
           1   1.8340530    
           1  0.92644787    
           0 -100.000000    
           1   1.6431751    
           1  -1.1092758    
           1   2.2408295    
           1  0.89569950    
           1  -2.2374287    
           1   1.7714329    
           1  0.70373154    
           1 -0.45992088    
           1  0.40580368    
           1   1.0548725    
           1  0.67476273    
           1  -1.1764851    
           1  0.47978020    
           1 -0.43976402    
           1  0.26162910    
           1  0.89976788    
           1  0.50626564    
           1  0.72728348    
           1  0.21568489    
           1  -1.1204004    
           1 -0.73945999    
           1 -0.16180611    
           1 -0.24515057    
           1 -0.83228207    
           1 -0.67566967    
           1 -0.22044182    
           1 -0.79055357    
           1 -0.94048119    
           1 -0.80806303    
           1 -0.41194916    
           1 -0.16146278    
           1 -0.50783539    
           1 -0.82050800    
           1  -1.3888931    
           1  4.47006226E-02
           0 -100.000000    
           1 -0.26860285    
           1 -3.12061310E-02
           1  -1.1740017    
           1 -0.24378204    
           1  0.24871349    
           1  -2.4864931    
           1  0.15519714    
           1  0.15904236    
           1  -1.1700687    
           0 -100.000000    
           1   1.1740990    
           0 -100.000000    
           1   1.3962479    
           0 -100.000000    
           1   1.3624344    
           0 -100.000000    
           0 -100.000000    
           1   1.6802444    
           1  0.10722351    
           1 -0.39979935    
           1  0.24031830    
           0 -100.000000    
           1  0.49551010    
           0 -100.000000    
           1   1.1171265    
           1  0.60735321    
           1   1.0885468    
           1   1.8951797    
           1   1.8028221    
           0 -100.000000    
           1  0.56636047    
           0 -100.000000    
           1   2.7998543    
           0 -100.000000    
           1   1.0522041    
           1  0.51214600    
           1   1.8676682    
           1   1.6262875    
           0 -100.000000    
           1  0.73759651    
           1   1.2886715    
           1  0.65718842    
           1   2.5589523    
           1  0.73968124    
           0 -100.000000    
           0 -100.000000    
           1  0.92232037    
           1   2.3043976    
           1 -0.14720154    
