     1     1     1     0     4
         1  -0.22723977E-01
         2   0.86725453E-01
         3   0.96255239E-01
         4  -0.10000000E+01
     2     1     1     0     4
         1  -0.21634037E-01
         2   0.92715683E-01
         3   0.90766320E-01
         4  -0.10000000E+01
     3     1     1     0     4
         1  -0.19390069E-01
         2   0.10767091E+00
         3   0.73032565E-01
         4  -0.10000000E+01
     4     1     1     0     4
         1  -0.13392024E-01
         2   0.12368791E+00
         3   0.42716606E-01
         4  -0.10000000E+01
     5     1     1     0     4
         1  -0.17480885E-02
         2   0.12929128E+00
         3  -0.24154963E-01
         4  -0.10000000E+01
     6     1     1     0     0
     7     1     1     0     4
         1  -0.11110771E-01
         2   0.10044226E+00
         3  -0.84206040E-01
         4  -0.10000000E+01
     8     1     1     0     4
         1  -0.71458926E-02
         2   0.93542758E-01
         3  -0.92203269E-01
         4  -0.10000000E+01
     9     1     1     0     4
         1  -0.33496474E-02
         2   0.89352063E-01
         3  -0.96476644E-01
         4  -0.10000000E+01
    10     1     1     0     4
         1   0.11470996E-01
         2   0.74453215E-01
         3  -0.10783269E+00
         4  -0.10000000E+01
    11     1     1     0     4
         1  -0.24345304E-01
         2   0.77785539E-01
         3   0.10324471E+00
         4  -0.10000000E+01
    12     1     1     0     4
         1  -0.26209267E-01
         2   0.83603347E-01
         3   0.98113755E-01
         4  -0.10000000E+01
    13     1     1     0     4
         1  -0.33981265E-01
         2   0.92465333E-01
         3   0.87167598E-01
         4  -0.10000000E+01
    14     1     1     0     4
         1  -0.56731496E-01
         2   0.10609242E+00
         3   0.53185422E-01
         4  -0.10000000E+01
    15     1     1     0     4
         1  -0.64934928E-01
         2   0.11407037E+00
         3   0.86115566E-02
         4  -0.10000000E+01
    16     1     1     0     4
         1  -0.20040694E-01
         2   0.10616668E+00
         3  -0.75031730E-01
         4  -0.10000000E+01
    17     1     1     0     4
         1  -0.93222281E-02
         2   0.94959235E-01
         3  -0.90546088E-01
         4  -0.10000000E+01
    18     1     1     0     4
         1  -0.43118306E-02
         2   0.86941587E-01
         3  -0.98617051E-01
         4  -0.10000000E+01
    19     1     1     0     4
         1  -0.14542499E-02
         2   0.80009448E-01
         3  -0.10439889E+00
         4  -0.10000000E+01
    20     1     1     0     4
         1   0.26720508E-01
         2   0.64753429E-01
         3  -0.11133626E+00
         4  -0.10000000E+01
    21     1     1     0     4
         1  -0.32276061E-01
         2   0.64314292E-01
         3   0.11011213E+00
         4  -0.10000000E+01
    22     1     1     0     4
         1  -0.36757279E-01
         2   0.69839787E-01
         3   0.10523336E+00
         4  -0.10000000E+01
    23     1     1     0     4
         1  -0.43780207E-01
         2   0.79926186E-01
         3   0.94857010E-01
         4  -0.10000000E+01
    24     1     1     0     4
         1  -0.58360671E-01
         2   0.10081151E+00
         3   0.61105031E-01
         4  -0.10000000E+01
    25     1     1     0     4
         1  -0.68863720E-01
         2   0.11145238E+00
         3   0.11785938E-01
         4  -0.10000000E+01
    26     1     1     0     4
         1  -0.45991309E-01
         2   0.10219914E+00
         3  -0.68868640E-01
         4  -0.10000000E+01
    27     1     1     0     4
         1  -0.21402015E-01
         2   0.84919027E-01
         3  -0.98150226E-01
         4  -0.10000000E+01
    28     1     1     0     4
         1  -0.10283748E-01
         2   0.76640869E-01
         3  -0.10641041E+00
         4  -0.10000000E+01
    29     1     1     0     4
         1  -0.23993921E-02
         2   0.72423586E-01
         3  -0.10978079E+00
         4  -0.10000000E+01
    30     1     1     0     4
         1   0.30096736E-01
         2   0.50773373E-01
         3  -0.11755427E+00
         4  -0.10000000E+01
    31     1     1     0     4
         1  -0.40882842E-01
         2   0.46814487E-01
         3   0.11592994E+00
         4  -0.10000000E+01
    32     1     1     0     4
         1  -0.40910649E-01
         2   0.56368542E-01
         3   0.11158701E+00
         4  -0.10000000E+01
    33     1     1     0     4
         1  -0.45598048E-01
         2   0.68507245E-01
         3   0.10261739E+00
         4  -0.10000000E+01
    34     1     1     0     4
         1  -0.63019537E-01
         2   0.91654613E-01
         3   0.70219114E-01
         4  -0.10000000E+01
    35     1     1     0     4
         1  -0.81751337E-01
         2   0.10290728E+00
         3   0.54373039E-02
         4  -0.10000000E+01
    36     1     1     0     4
         1  -0.67294821E-01
         2   0.85598150E-01
         3  -0.73804593E-01
         4  -0.10000000E+01
    37     1     1     0     4
         1  -0.33615279E-01
         2   0.72431964E-01
         3  -0.10452932E+00
         4  -0.10000000E+01
    38     1     1     0     4
         1  -0.14613977E-01
         2   0.66288734E-01
         3  -0.11267204E+00
         4  -0.10000000E+01
    39     1     1     0     4
         1   0.83733948E-03
         2   0.49466541E-01
         3  -0.12188156E+00
         4  -0.10000000E+01
    40     1     1     0     4
         1   0.25577027E-01
         2   0.38957845E-01
         3  -0.12300755E+00
         4  -0.10000000E+01
    41     1     1     0     4
         1  -0.44564082E-01
         2   0.28819201E-01
         3   0.12035884E+00
         4  -0.10000000E+01
    42     1     1     0     4
         1  -0.45549449E-01
         2   0.32510843E-01
         3   0.11904221E+00
         4  -0.10000000E+01
    43     1     1     0     4
         1  -0.48915688E-01
         2   0.43413390E-01
         3   0.11412838E+00
         4  -0.10000000E+01
    44     1     1     0     4
         1  -0.90710283E-01
         2   0.39569388E-01
         3   0.86652537E-01
         4  -0.10000000E+01
    45     1     1     0     4
         1  -0.12701211E+00
         2   0.34138230E-01
         3   0.22934030E-02
         4  -0.10000000E+01
    46     1     1     0     4
         1  -0.97859863E-01
         2   0.26597621E-01
         3  -0.83778088E-01
         4  -0.10000000E+01
    47     1     1     0     4
         1  -0.56580172E-01
         2   0.32426265E-01
         3  -0.11423649E+00
         4  -0.10000000E+01
    48     1     1     0     4
         1  -0.17026753E-01
         2   0.33453741E-01
         3  -0.12607018E+00
         4  -0.10000000E+01
    49     1     1     0     4
         1  -0.90253643E-03
         2   0.20114684E-01
         3  -0.12998977E+00
         4  -0.10000000E+01
    50     1     1     0     4
         1   0.10080307E-01
         2   0.28526555E-01
         3  -0.12801319E+00
         4  -0.10000000E+01
    51     1     1     0     4
         1  -0.45375050E-01
         2  -0.38451123E-02
         3   0.12340613E+00
         4  -0.10000000E+01
    52     1     1     0     4
         1  -0.47689141E-01
         2  -0.97063791E-02
         3   0.12220592E+00
         4  -0.10000000E+01
    53     1     1     0     4
         1  -0.54195773E-01
         2  -0.19460742E-01
         3   0.11826602E+00
         4  -0.10000000E+01
    54     1     1     0     4
         1  -0.98652354E-01
         2  -0.55215154E-01
         3   0.67243989E-01
         4  -0.10000000E+01
    55     1     1     0     4
         1  -0.11972930E+00
         2  -0.54467715E-01
         3   0.95799515E-03
         4  -0.10000000E+01
    56     1     1     0     4
         1  -0.98252460E-01
         2  -0.41610493E-01
         3  -0.76927077E-01
         4  -0.10000000E+01
    57     1     1     0     4
         1  -0.63100602E-01
         2  -0.32560717E-01
         3  -0.11072880E+00
         4  -0.10000000E+01
    58     1     1     0     4
         1  -0.13743130E-01
         2  -0.24924795E-01
         3  -0.12842366E+00
         4  -0.10000000E+01
    59     1     1     0     4
         1  -0.35353416E-02
         2  -0.17795848E-01
         3  -0.13028263E+00
         4  -0.10000000E+01
    60     1     1     0     4
         1   0.34522980E-02
         2  -0.69520093E-02
         3  -0.13131072E+00
         4  -0.10000000E+01
    61     1     1     0     4
         1  -0.41013566E-01
         2  -0.39360059E-01
         3   0.11862305E+00
         4  -0.10000000E+01
    62     1     1     0     4
         1  -0.39846956E-01
         2  -0.45854543E-01
         3   0.11667191E+00
         4  -0.10000000E+01
    63     1     1     0     4
         1  -0.46798858E-01
         2  -0.58677352E-01
         3   0.10802587E+00
         4  -0.10000000E+01
    64     1     1     0     4
         1  -0.86084593E-01
         2  -0.80395825E-01
         3   0.58555173E-01
         4  -0.10000000E+01
    65     1     1     0     4
         1  -0.10072779E+00
         2  -0.84596965E-01
         3   0.13936876E-03
         4  -0.10000000E+01
    66     1     1     0     4
         1  -0.83125374E-01
         2  -0.73523763E-01
         3  -0.70619987E-01
         4  -0.10000000E+01
    67     1     1     0     4
         1  -0.49669925E-01
         2  -0.64535116E-01
         3  -0.10329991E+00
         4  -0.10000000E+01
    68     1     1     0     4
         1  -0.70988465E-02
         2  -0.51738700E-01
         3  -0.12072890E+00
         4  -0.10000000E+01
    69     1     1     0     4
         1   0.13314692E-03
         2  -0.46642970E-01
         3  -0.12299256E+00
         4  -0.10000000E+01
    70     1     1     0     4
         1   0.31529614E-02
         2  -0.41447945E-01
         3  -0.12479936E+00
         4  -0.10000000E+01
    71     1     1     0     4
         1  -0.32998359E-01
         2  -0.58457070E-01
         3   0.11312221E+00
         4  -0.10000000E+01
    72     1     1     0     0
    73     1     1     0     4
         1  -0.30527076E-01
         2  -0.83010164E-01
         3   0.97366136E-01
         4  -0.10000000E+01
    74     1     1     0     4
         1  -0.69141025E-01
         2  -0.95013343E-01
         3   0.59116305E-01
         4  -0.10000000E+01
    75     1     1     0     4
         1  -0.86671152E-01
         2  -0.98939567E-01
         3  -0.13519055E-02
         4  -0.10000000E+01
    76     1     1     0     4
         1  -0.66566887E-01
         2  -0.89521259E-01
         3  -0.69696111E-01
         4  -0.10000000E+01
    77     1     1     0     4
         1  -0.34509930E-01
         2  -0.78171141E-01
         3  -0.10000546E+00
         4  -0.10000000E+01
    78     1     1     0     4
         1  -0.45159869E-03
         2  -0.63077143E-01
         3  -0.11542887E+00
         4  -0.10000000E+01
    79     1     1     0     4
         1   0.43826368E-02
         2  -0.57983771E-01
         3  -0.11798911E+00
         4  -0.10000000E+01
    80     1     1     0     4
         1   0.71510539E-02
         2  -0.54864546E-01
         3  -0.11933775E+00
         4  -0.10000000E+01
    81     1     1     0     4
         1  -0.29487138E-01
         2  -0.71313372E-01
         3   0.10652542E+00
         4  -0.10000000E+01
    82     1     1     0     0
    83     1     1     0     4
         1  -0.24481292E-01
         2  -0.89820698E-01
         3   0.92928266E-01
         4  -0.10000000E+01
    84     1     1     0     4
         1  -0.38999440E-01
         2  -0.10227425E+00
         3   0.72950497E-01
         4  -0.10000000E+01
    85     1     1     0     4
         1  -0.72467013E-01
         2  -0.10977380E+00
         3  -0.99906335E-03
         4  -0.10000000E+01
    86     1     1     0     4
         1  -0.41015712E-01
         2  -0.97827575E-01
         3  -0.77783232E-01
         4  -0.10000000E+01
    87     1     1     0     4
         1  -0.12171494E-01
         2  -0.86797293E-01
         3  -0.98085875E-01
         4  -0.10000000E+01
    88     1     1     0     4
         1   0.28166136E-02
         2  -0.71617952E-01
         3  -0.11029819E+00
         4  -0.10000000E+01
    89     1     1     0     4
         1   0.56936515E-02
         2  -0.66270664E-01
         3  -0.11348364E+00
         4  -0.10000000E+01
    90     1     1     0     4
         1   0.88443933E-02
         2  -0.61560469E-01
         3  -0.11590876E+00
         4  -0.10000000E+01
    91     1     1     0     0
    92     1     1     0     4
         1  -0.23577174E-01
         2  -0.87633644E-01
         3   0.95221928E-01
         4  -0.10000000E+01
    93     1     1     0     4
         1  -0.22477138E-01
         2  -0.93377724E-01
         3   0.89878435E-01
         4  -0.10000000E+01
    94     1     1     0     4
         1  -0.10831159E-01
         2  -0.11366926E+00
         3   0.65304972E-01
         4  -0.10000000E+01
    95     1     1     0     4
         1   0.20692145E-01
         2  -0.12947993E+00
         3   0.10465989E-01
         4  -0.10000000E+01
    96     1     1     0     4
         1  -0.49152479E-02
         2  -0.10802633E+00
         3  -0.74892629E-01
         4  -0.10000000E+01
    97     1     1     0     4
         1   0.12629015E-02
         2  -0.88300018E-01
         3  -0.97489825E-01
         4  -0.10000000E+01
    98     1     1     0     4
         1   0.29444124E-02
         2  -0.75835522E-01
         3  -0.10743863E+00
         4  -0.10000000E+01
    99     1     1     0     4
         1   0.53427596E-02
         2  -0.69853658E-01
         3  -0.11133138E+00
         4  -0.10000000E+01
   100     1     1     0     4
         1   0.77196301E-02
         2  -0.65235030E-01
         3  -0.11396294E+00
         4  -0.10000000E+01
     1     2     2     0     4
         5   0.10510794E-02
         6   0.78099409E-01
         7   0.91067054E-01
         8  -0.10000000E+01
     2     2     2     0     4
         5   0.19322193E-02
         6   0.83522007E-01
         7   0.86105585E-01
         8  -0.10000000E+01
     3     2     2     0     4
         5   0.47973066E-02
         6   0.92851883E-01
         7   0.75824433E-01
         8  -0.10000000E+01
     4     2     2     0     4
         5   0.41522658E-02
         6   0.10167421E+00
         7   0.63552693E-01
         8  -0.10000000E+01
     5     2     2     0     4
         5  -0.20724814E-01
         6   0.11794767E+00
         7   0.72567036E-02
         8  -0.10000000E+01
     6     2     2     0     0
     7     2     2     0     4
         5  -0.27179630E-01
         6   0.10816867E+00
         7  -0.44211286E-01
         8  -0.10000000E+01
     8     2     2     0     4
         5  -0.20977675E-01
         6   0.10261493E+00
         7  -0.58514479E-01
         8  -0.10000000E+01
     9     2     2     0     4
         5  -0.16293516E-01
         6   0.97206438E-01
         7  -0.68405121E-01
         8  -0.10000000E+01
    10     2     2     0     4
         5   0.23457935E-01
         6   0.72366942E-01
         7  -0.92771665E-01
         8  -0.10000000E+01
    11     2     2     0     4
         5  -0.65643128E-03
         6   0.70634278E-01
         7   0.96975248E-01
         8  -0.10000000E+01
    12     2     2     0     4
         5  -0.91352845E-03
         6   0.75400737E-01
         7   0.93315193E-01
         8  -0.10000000E+01
    13     2     2     0     4
         5  -0.82022374E-02
         6   0.80755030E-01
         7   0.88346926E-01
         8  -0.10000000E+01
    14     2     2     0     4
         5  -0.40054818E-01
         6   0.87457078E-01
         7   0.71698688E-01
         8  -0.10000000E+01
    15     2     2     0     4
         5  -0.44416395E-01
         6   0.10662972E+00
         7   0.32420955E-01
         8  -0.10000000E+01
    16     2     2     0     4
         5  -0.37525729E-01
         6   0.11087335E+00
         7  -0.26320173E-01
         8  -0.10000000E+01
    17     2     2     0     4
         5  -0.27434101E-01
         6   0.10432584E+00
         7  -0.52510188E-01
         8  -0.10000000E+01
    18     2     2     0     4
         5  -0.22613237E-01
         6   0.93950956E-01
         7  -0.71103377E-01
         8  -0.10000000E+01
    19     2     2     0     4
         5  -0.19542066E-01
         6   0.86575221E-01
         7  -0.80725892E-01
         8  -0.10000000E+01
    20     2     2     0     4
         5   0.22414318E-01
         6   0.68631261E-01
         7  -0.95818470E-01
         8  -0.10000000E+01
    21     2     2     0     4
         5  -0.96375255E-02
         6   0.57103907E-01
         7   0.10507185E+00
         8  -0.10000000E+01
    22     2     2     0     4
         5  -0.15688907E-01
         6   0.61116001E-01
         7   0.10204177E+00
         8  -0.10000000E+01
    23     2     2     0     4
         5  -0.21334435E-01
         6   0.68385807E-01
         7   0.96239566E-01
         8  -0.10000000E+01
    24     2     2     0     4
         5  -0.39920655E-01
         6   0.82906020E-01
         7   0.76985479E-01
         8  -0.10000000E+01
    25     2     2     0     4
         5  -0.55942033E-01
         6   0.95721387E-01
         7   0.45844692E-01
         8  -0.10000000E+01
    26     2     2     0     4
         5  -0.56040630E-01
         6   0.10310490E+00
         7  -0.24953124E-01
         8  -0.10000000E+01
    27     2     2     0     4
         5  -0.43726663E-01
         6   0.93890093E-01
         7  -0.60551303E-01
         8  -0.10000000E+01
    28     2     2     0     4
         5  -0.31813997E-01
         6   0.84821954E-01
         7  -0.78657083E-01
         8  -0.10000000E+01
    29     2     2     0     4
         5  -0.21127135E-01
         6   0.76363805E-01
         7  -0.90089090E-01
         8  -0.10000000E+01
    30     2     2     0     4
         5   0.21241355E-01
         6   0.56230090E-01
         7  -0.10383069E+00
         8  -0.10000000E+01
    31     2     2     0     4
         5  -0.18925289E-01
         6   0.40562554E-01
         7   0.11131192E+00
         8  -0.10000000E+01
    32     2     2     0     4
         5  -0.17860454E-01
         6   0.48957302E-01
         7   0.10806488E+00
         8  -0.10000000E+01
    33     2     2     0     4
         5  -0.20272803E-01
         6   0.60740724E-01
         7   0.10145644E+00
         8  -0.10000000E+01
    34     2     2     0     4
         5  -0.38516455E-01
         6   0.75957830E-01
         7   0.84502790E-01
         8  -0.10000000E+01
    35     2     2     0     4
         5  -0.67889549E-01
         6   0.86811052E-01
         7   0.47420262E-01
         8  -0.10000000E+01
    36     2     2     0     4
         5  -0.79793176E-01
         6   0.86704176E-01
         7  -0.22566918E-01
         8  -0.10000000E+01
    37     2     2     0     4
         5  -0.59085638E-01
         6   0.79944173E-01
         7  -0.67168798E-01
         8  -0.10000000E+01
    38     2     2     0     4
         5  -0.39327696E-01
         6   0.69080984E-01
         7  -0.89860897E-01
         8  -0.10000000E+01
    39     2     2     0     4
         5  -0.24485173E-01
         6   0.45714412E-01
         7  -0.10818734E+00
         8  -0.10000000E+01
    40     2     2     0     4
         5  -0.44513639E-02
         6   0.41603688E-01
         7  -0.11244176E+00
         8  -0.10000000E+01
    41     2     2     0     4
         5  -0.22337199E-01
         6   0.30391152E-01
         7   0.11389143E+00
         8  -0.10000000E+01
    42     2     2     0     4
         5  -0.23067930E-01
         6   0.32903240E-01
         7   0.11304459E+00
         8  -0.10000000E+01
    43     2     2     0     4
         5  -0.23059276E-01
         6   0.40485484E-01
         7   0.11055780E+00
         8  -0.10000000E+01
    44     2     2     0     4
         5  -0.76730086E-01
         6   0.13491614E-01
         7   0.91237608E-01
         8  -0.10000000E+01
    45     2     2     0     4
         5  -0.10308476E+00
         6   0.29838843E-01
         7   0.53637728E-01
         8  -0.10000000E+01
    46     2     2     0     4
         5  -0.11042337E+00
         6   0.40433082E-01
         7  -0.23783938E-01
         8  -0.10000000E+01
    47     2     2     0     4
         5  -0.81264859E-01
         6   0.35576984E-01
         7  -0.80772097E-01
         8  -0.10000000E+01
    48     2     2     0     4
         5  -0.50657082E-01
         6   0.21167599E-01
         7  -0.10667532E+00
         8  -0.10000000E+01
    49     2     2     0     4
         5  -0.35075451E-01
         6   0.78475511E-02
         7  -0.11446379E+00
         8  -0.10000000E+01
    50     2     2     0     4
         5  -0.25076342E-01
         6   0.16683914E-01
         7  -0.11613206E+00
         8  -0.10000000E+01
    51     2     2     0     4
         5  -0.22481266E-01
         6   0.48478667E-02
         7   0.11774940E+00
         8  -0.10000000E+01
    52     2     2     0     4
         5  -0.24951977E-01
         6   0.10659588E-02
         7   0.11734604E+00
         8  -0.10000000E+01
    53     2     2     0     4
         5  -0.28272450E-01
         6  -0.14078057E-01
         7   0.11574242E+00
         8  -0.10000000E+01
    54     2     2     0     4
         5  -0.70615131E-01
         6  -0.43479251E-01
         7   0.86699993E-01
         8  -0.10000000E+01
    55     2     2     0     4
         5  -0.96093776E-01
         6  -0.43041575E-01
         7   0.57508607E-01
         8  -0.10000000E+01
    56     2     2     0     4
         5  -0.10943588E+00
         6  -0.44071566E-01
         7  -0.21801741E-01
         8  -0.10000000E+01
    57     2     2     0     4
         5  -0.81589263E-01
         6  -0.37285969E-01
         7  -0.79666677E-01
         8  -0.10000000E+01
    58     2     2     0     4
         5  -0.47267143E-01
         6  -0.32578238E-01
         7  -0.10534850E+00
         8  -0.10000000E+01
    59     2     2     0     4
         5  -0.35741466E-01
         6  -0.26176056E-01
         7  -0.11149526E+00
         8  -0.10000000E+01
    60     2     2     0     4
         5  -0.28508198E-01
         6  -0.19066606E-01
         7  -0.11496773E+00
         8  -0.10000000E+01
    61     2     2     0     4
         5  -0.22514455E-01
         6  -0.21636393E-01
         7   0.11583953E+00
         8  -0.10000000E+01
    62     2     2     0     4
         5  -0.22522334E-01
         6  -0.27944594E-01
         7   0.11448002E+00
         8  -0.10000000E+01
    63     2     2     0     4
         5  -0.45399992E-01
         6  -0.55918456E-01
         7   0.95946849E-01
         8  -0.10000000E+01
    64     2     2     0     4
         5  -0.63368005E-01
         6  -0.61160491E-01
         7   0.81472211E-01
         8  -0.10000000E+01
    65     2     2     0     4
         5  -0.83339407E-01
         6  -0.69906184E-01
         7   0.50611260E-01
         8  -0.10000000E+01
    66     2     2     0     4
         5  -0.84899797E-01
         6  -0.80178383E-01
         7  -0.27518762E-01
         8  -0.10000000E+01
    67     2     2     0     4
         5  -0.65005072E-01
         6  -0.72666521E-01
         7  -0.69912433E-01
         8  -0.10000000E+01
    68     2     2     0     4
         5  -0.37376427E-01
         6  -0.59297164E-01
         7  -0.97368783E-01
         8  -0.10000000E+01
    69     2     2     0     4
         5  -0.28547443E-01
         6  -0.53440406E-01
         7  -0.10355191E+00
         8  -0.10000000E+01
    70     2     2     0     4
         5  -0.23388854E-01
         6  -0.47155586E-01
         7  -0.10781068E+00
         8  -0.10000000E+01
    71     2     2     0     4
         5  -0.17382326E-01
         6  -0.44127480E-01
         7   0.11020187E+00
         8  -0.10000000E+01
    72     2     2     0     0
    73     2     2     0     4
         5  -0.10468458E-01
         6  -0.68216403E-01
         7   0.98136459E-01
         8  -0.10000000E+01
    74     2     2     0     4
         5  -0.57339817E-01
         6  -0.73226647E-01
         7   0.75788089E-01
         8  -0.10000000E+01
    75     2     2     0     4
         5  -0.70703026E-01
         6  -0.90981313E-01
         7   0.33426243E-01
         8  -0.10000000E+01
    76     2     2     0     4
         5  -0.66119715E-01
         6  -0.97385043E-01
         7  -0.23198440E-01
         8  -0.10000000E+01
    77     2     2     0     4
         5  -0.48451146E-01
         6  -0.86446541E-01
         7  -0.67626273E-01
         8  -0.10000000E+01
    78     2     2     0     4
         5  -0.27757205E-01
         6  -0.73445726E-01
         7  -0.90714353E-01
         8  -0.10000000E+01
    79     2     2     0     4
         5  -0.22470440E-01
         6  -0.67895536E-01
         7  -0.96328118E-01
         8  -0.10000000E+01
    80     2     2     0     4
         5  -0.17408192E-01
         6  -0.64604018E-01
         7  -0.99584670E-01
         8  -0.10000000E+01
    81     2     2     0     0
    82     2     2     0     4
         5   0.40658850E-02
         6  -0.69563274E-01
         7   0.97663967E-01
         8  -0.10000000E+01
    83     2     2     0     4
         5   0.10098629E-01
         6  -0.76462939E-01
         7   0.91898137E-01
         8  -0.10000000E+01
    84     2     2     0     4
         5  -0.34674385E-01
         6  -0.84724169E-01
         7   0.77545684E-01
         8  -0.10000000E+01
    85     2     2     0     4
         5  -0.55139563E-01
         6  -0.10314059E+00
         7   0.26748435E-01
         8  -0.10000000E+01
    86     2     2     0     4
         5  -0.44260286E-01
         6  -0.10836082E+00
         7  -0.26320909E-01
         8  -0.10000000E+01
    87     2     2     0     4
         5  -0.25060370E-01
         6  -0.94889406E-01
         7  -0.69005865E-01
         8  -0.10000000E+01
    88     2     2     0     4
         5  -0.20010044E-01
         6  -0.82584755E-01
         7  -0.84694670E-01
         8  -0.10000000E+01
    89     2     2     0     4
         5  -0.18518976E-01
         6  -0.77572787E-01
         7  -0.89628908E-01
         8  -0.10000000E+01
    90     2     2     0     4
         5  -0.15536630E-01
         6  -0.72675403E-01
         7  -0.94184552E-01
         8  -0.10000000E+01
    91     2     2     0     4
         5   0.57268224E-02
         6  -0.68006047E-01
         7   0.98672245E-01
         8  -0.10000000E+01
    92     2     2     0     4
         5   0.18374651E-01
         6  -0.76752167E-01
         7   0.90362093E-01
         8  -0.10000000E+01
    93     2     2     0     4
         5   0.19151612E-01
         6  -0.82829855E-01
         7   0.84653775E-01
         8  -0.10000000E+01
    94     2     2     0     4
         5   0.18846105E-01
         6  -0.99414009E-01
         7   0.64463245E-01
         8  -0.10000000E+01
    95     2     2     0     4
         5   0.63102609E-02
         6  -0.11517456E+00
         7   0.32997453E-01
         8  -0.10000000E+01
    96     2     2     0     4
         5  -0.24743703E-01
         6  -0.11413012E+00
         7  -0.27493557E-01
         8  -0.10000000E+01
    97     2     2     0     4
         5  -0.17205194E-01
         6  -0.94340644E-01
         7  -0.72094765E-01
         8  -0.10000000E+01
    98     2     2     0     4
         5  -0.18160554E-01
         6  -0.85739996E-01
         7  -0.81930935E-01
         8  -0.10000000E+01
    99     2     2     0     4
         5  -0.17758774E-01
         6  -0.81010973E-01
         7  -0.86693016E-01
         8  -0.10000000E+01
   100     2     2     0     4
         5  -0.16091095E-01
         6  -0.76659269E-01
         7  -0.90874991E-01
         8  -0.10000000E+01
     1     3     3     0     4
         9  -0.80060807E-02
        10   0.83165559E-01
        11   0.91399541E-01
        12  -0.10000000E+01
     2     3     3     0     4
         9  -0.60771329E-02
        10   0.88947394E-01
        11   0.85941336E-01
        12  -0.10000000E+01
     3     3     3     0     4
         9  -0.27364157E-02
        10   0.10175710E+00
        11   0.70515872E-01
        12  -0.10000000E+01
     4     3     3     0     4
         9  -0.13470559E-02
        10   0.11302326E+00
        11   0.50580735E-01
        12  -0.10000000E+01
     5     3     3     0     4
         9  -0.15343751E-01
        10   0.12274860E+00
        11  -0.56422785E-02
        12  -0.10000000E+01
     6     3     3     0     0
     7     3     3     0     4
         9  -0.20962528E-01
        10   0.10250924E+00
        11  -0.66233762E-01
        12  -0.10000000E+01
     8     3     3     0     4
         9  -0.15020037E-01
        10   0.95836435E-01
        11  -0.76969214E-01
        12  -0.10000000E+01
     9     3     3     0     4
         9  -0.10797735E-01
        10   0.91701303E-01
        11  -0.82515233E-01
        12  -0.10000000E+01
    10     3     3     0     4
         9   0.20605551E-01
        10   0.70572730E-01
        11  -0.99646298E-01
        12  -0.10000000E+01
    11     3     3     0     4
         9  -0.11998925E-01
        10   0.74589746E-01
        11   0.98116662E-01
        12  -0.10000000E+01
    12     3     3     0     4
         9  -0.11703844E-01
        10   0.80119628E-01
        11   0.93692843E-01
        12  -0.10000000E+01
    13     3     3     0     4
         9  -0.18688765E-01
        10   0.87355417E-01
        11   0.85756894E-01
        12  -0.10000000E+01
    14     3     3     0     4
         9  -0.46423758E-01
        10   0.97548478E-01
        11   0.60527786E-01
        12  -0.10000000E+01
    15     3     3     0     4
         9  -0.47553543E-01
        10   0.11339063E+00
        11   0.14687046E-01
        12  -0.10000000E+01
    16     3     3     0     4
         9  -0.29362819E-01
        10   0.10817330E+00
        11  -0.52638823E-01
        12  -0.10000000E+01
    17     3     3     0     4
         9  -0.19406282E-01
        10   0.97793878E-01
        11  -0.73445472E-01
        12  -0.10000000E+01
    18     3     3     0     4
         9  -0.14168038E-01
        10   0.88174741E-01
        11  -0.85784412E-01
        12  -0.10000000E+01
    19     3     3     0     4
         9  -0.12262764E-01
        10   0.82518903E-01
        11  -0.91513600E-01
        12  -0.10000000E+01
    20     3     3     0     4
         9   0.21113051E-01
        10   0.65787348E-01
        11  -0.10276550E+00
        12  -0.10000000E+01
    21     3     3     0     4
         9  -0.20913834E-01
        10   0.60205322E-01
        11   0.10617163E+00
        12  -0.10000000E+01
    22     3     3     0     4
         9  -0.25233276E-01
        10   0.65062339E-01
        11   0.10229691E+00
        12  -0.10000000E+01
    23     3     3     0     4
         9  -0.30310196E-01
        10   0.73583791E-01
        11   0.94874661E-01
        12  -0.10000000E+01
    24     3     3     0     4
         9  -0.45239954E-01
        10   0.91862267E-01
        11   0.69635868E-01
        12  -0.10000000E+01
    25     3     3     0     4
         9  -0.60103503E-01
        10   0.10472107E+00
        11   0.27487269E-01
        12  -0.10000000E+01
    26     3     3     0     4
         9  -0.47291281E-01
        10   0.10258810E+00
        11  -0.50731645E-01
        12  -0.10000000E+01
    27     3     3     0     4
         9  -0.31010600E-01
        10   0.87855930E-01
        11  -0.81573047E-01
        12  -0.10000000E+01
    28     3     3     0     4
         9  -0.22180121E-01
        10   0.79400847E-01
        11  -0.92401469E-01
        12  -0.10000000E+01
    29     3     3     0     4
         9  -0.13795643E-01
        10   0.74366442E-01
        11  -0.98049968E-01
        12  -0.10000000E+01
    30     3     3     0     4
         9   0.22163994E-01
        10   0.52837310E-01
        11  -0.10977914E+00
        12  -0.10000000E+01
    31     3     3     0     4
         9  -0.31566746E-01
        10   0.44201938E-01
        11   0.11128438E+00
        12  -0.10000000E+01
    32     3     3     0     4
         9  -0.29654601E-01
        10   0.52465605E-01
        11   0.10817786E+00
        12  -0.10000000E+01
    33     3     3     0     4
         9  -0.32363873E-01
        10   0.63522379E-01
        11   0.10125202E+00
        12  -0.10000000E+01
    34     3     3     0     4
         9  -0.46611512E-01
        10   0.82970912E-01
        11   0.79231802E-01
        12  -0.10000000E+01
    35     3     3     0     4
         9  -0.72608971E-01
        10   0.95860569E-01
        11   0.29549488E-01
        12  -0.10000000E+01
    36     3     3     0     4
         9  -0.73996179E-01
        10   0.84248728E-01
        11  -0.52547131E-01
        12  -0.10000000E+01
    37     3     3     0     4
         9  -0.42824124E-01
        10   0.73939889E-01
        11  -0.89629632E-01
        12  -0.10000000E+01
    38     3     3     0     4
         9  -0.28367187E-01
        10   0.66576507E-01
        11  -0.10048560E+00
        12  -0.10000000E+01
    39     3     3     0     4
         9  -0.16034059E-01
        10   0.45682979E-01
        11  -0.11397569E+00
        12  -0.10000000E+01
    40     3     3     0     4
         9   0.11272849E-01
        10   0.39690798E-01
        11  -0.11675636E+00
        12  -0.10000000E+01
    41     3     3     0     4
         9  -0.36117241E-01
        10   0.31861754E-01
        11   0.11408268E+00
        12  -0.10000000E+01
    42     3     3     0     4
         9  -0.36203283E-01
        10   0.35116612E-01
        11   0.11309567E+00
        12  -0.10000000E+01
    43     3     3     0     4
         9  -0.36554801E-01
        10   0.42928197E-01
        11   0.11025153E+00
        12  -0.10000000E+01
    44     3     3     0     4
         9  -0.77915234E-01
        10   0.25129281E-01
        11   0.92909737E-01
        12  -0.10000000E+01
    45     3     3     0     4
         9  -0.11536125E+00
        10   0.28029221E-01
        11   0.35222569E-01
        12  -0.10000000E+01
    46     3     3     0     4
         9  -0.10023876E+00
        10   0.35169342E-01
        11  -0.63637972E-01
        12  -0.10000000E+01
    47     3     3     0     4
         9  -0.65261557E-01
        10   0.33794487E-01
        11  -0.99666170E-01
        12  -0.10000000E+01
    48     3     3     0     4
         9  -0.38232762E-01
        10   0.22501149E-01
        11  -0.11561331E+00
        12  -0.10000000E+01
    49     3     3     0     4
         9  -0.23927406E-01
        10   0.53433477E-02
        11  -0.12138127E+00
        12  -0.10000000E+01
    50     3     3     0     4
         9  -0.12561947E-01
        10   0.15762511E-01
        11  -0.12218111E+00
        12  -0.10000000E+01
    51     3     3     0     4
         9  -0.38774808E-01
        10   0.11563421E-02
        11   0.11759958E+00
        12  -0.10000000E+01
    52     3     3     0     4
         9  -0.40160728E-01
        10  -0.40576282E-02
        11   0.11706893E+00
        12  -0.10000000E+01
    53     3     3     0     4
         9  -0.44026394E-01
        10  -0.16529840E-01
        11   0.11455533E+00
        12  -0.10000000E+01
    54     3     3     0     4
         9  -0.82031609E-01
        10  -0.49605928E-01
        11   0.78387184E-01
        12  -0.10000000E+01
    55     3     3     0     4
         9  -0.10764812E+00
        10  -0.50389703E-01
        11   0.34745427E-01
        12  -0.10000000E+01
    56     3     3     0     4
         9  -0.98934167E-01
        10  -0.45917615E-01
        11  -0.58635202E-01
        12  -0.10000000E+01
    57     3     3     0     4
         9  -0.65648851E-01
        10  -0.30418730E-01
        11  -0.10049584E+00
        12  -0.10000000E+01
    58     3     3     0     4
         9  -0.31239214E-01
        10  -0.31098114E-01
        11  -0.11572166E+00
        12  -0.10000000E+01
    59     3     3     0     4
         9  -0.22208550E-01
        10  -0.27988370E-01
        11  -0.11856608E+00
        12  -0.10000000E+01
    60     3     3     0     4
         9  -0.17006861E-01
        10  -0.20327699E-01
        11  -0.12096295E+00
        12  -0.10000000E+01
    61     3     3     0     4
         9  -0.35775179E-01
        10  -0.30969704E-01
        11   0.11443556E+00
        12  -0.10000000E+01
    62     3     3     0     4
         9  -0.34677434E-01
        10  -0.36817013E-01
        11   0.11303303E+00
        12  -0.10000000E+01
    63     3     3     0     4
         9  -0.42112489E-01
        10  -0.54688863E-01
        11   0.10281124E+00
        12  -0.10000000E+01
    64     3     3     0     4
         9  -0.73848828E-01
        10  -0.69903636E-01
        11   0.70670474E-01
        12  -0.10000000E+01
    65     3     3     0     4
         9  -0.91460587E-01
        10  -0.77971575E-01
        11   0.29830828E-01
        12  -0.10000000E+01
    66     3     3     0     4
         9  -0.83347516E-01
        10  -0.76819829E-01
        11  -0.49863706E-01
        12  -0.10000000E+01
    67     3     3     0     4
         9  -0.49296593E-01
        10  -0.66202297E-01
        11  -0.92312434E-01
        12  -0.10000000E+01
    68     3     3     0     4
         9  -0.20199174E-01
        10  -0.54842175E-01
        11  -0.10917332E+00
        12  -0.10000000E+01
    69     3     3     0     4
         9  -0.14749267E-01
        10  -0.50321462E-01
        11  -0.11218152E+00
        12  -0.10000000E+01
    70     3     3     0     4
         9  -0.12177170E-01
        10  -0.45318542E-01
        11  -0.11459681E+00
        12  -0.10000000E+01
    71     3     3     0     4
         9  -0.28190159E-01
        10  -0.50269764E-01
        11   0.10960269E+00
        12  -0.10000000E+01
    72     3     3     0     0
    73     3     3     0     4
         9  -0.20081955E-01
        10  -0.75340842E-01
        11   0.96202684E-01
        12  -0.10000000E+01
    74     3     3     0     4
         9  -0.63499246E-01
        10  -0.82467957E-01
        11   0.67092216E-01
        12  -0.10000000E+01
    75     3     3     0     4
         9  -0.79493632E-01
        10  -0.92545886E-01
        11   0.21225105E-01
        12  -0.10000000E+01
    76     3     3     0     4
         9  -0.61561007E-01
        10  -0.91827383E-01
        11  -0.55789406E-01
        12  -0.10000000E+01
    77     3     3     0     4
         9  -0.33433946E-01
        10  -0.80290820E-01
        11  -0.88147826E-01
        12  -0.10000000E+01
    78     3     3     0     4
         9  -0.13520307E-01
        10  -0.65976007E-01
        11  -0.10391752E+00
        12  -0.10000000E+01
    79     3     3     0     4
         9  -0.10503834E-01
        10  -0.61347686E-01
        11  -0.10705426E+00
        12  -0.10000000E+01
    80     3     3     0     4
         9  -0.89183567E-02
        10  -0.58495720E-01
        11  -0.10878050E+00
        12  -0.10000000E+01
    81     3     3     0     0
    82     3     3     0     0
    83     3     3     0     4
         9  -0.85709335E-02
        10  -0.83195194E-01
        11   0.91321315E-01
        12  -0.10000000E+01
    84     3     3     0     4
         9  -0.35043774E-01
        10  -0.92703123E-01
        11   0.74246539E-01
        12  -0.10000000E+01
    85     3     3     0     4
         9  -0.65674641E-01
        10  -0.10456892E+00
        11   0.93094219E-02
        12  -0.10000000E+01
    86     3     3     0     4
         9  -0.36576426E-01
        10  -0.10046893E+00
        11  -0.62471139E-01
        12  -0.10000000E+01
    87     3     3     0     4
         9  -0.16194686E-01
        10  -0.88856241E-01
        11  -0.84715904E-01
        12  -0.10000000E+01
    88     3     3     0     4
         9  -0.95232433E-02
        10  -0.73924134E-01
        11  -0.98888897E-01
        12  -0.10000000E+01
    89     3     3     0     4
         9  -0.84730147E-02
        10  -0.69223748E-01
        11  -0.10232675E+00
        12  -0.10000000E+01
    90     3     3     0     4
         9  -0.76799380E-02
        10  -0.64958101E-01
        11  -0.10514726E+00
        12  -0.10000000E+01
    91     3     3     0     4
         9  -0.16640814E-01
        10  -0.72723989E-01
        11   0.98837182E-01
        12  -0.10000000E+01
    92     3     3     0     4
         9  -0.55347567E-02
        10  -0.81932025E-01
        11   0.92687612E-01
        12  -0.10000000E+01
    93     3     3     0     4
         9  -0.57275912E-03
        10  -0.88577280E-01
        11   0.86534508E-01
        12  -0.10000000E+01
    94     3     3     0     4
         9   0.15422733E-01
        10  -0.10892771E+00
        11   0.56845207E-01
        12  -0.10000000E+01
    95     3     3     0     4
         9   0.16481042E-01
        10  -0.12128770E+00
        11   0.18765718E-01
        12  -0.10000000E+01
    96     3     3     0     4
         9  -0.15276018E-01
        10  -0.10626533E+00
        11  -0.61715526E-01
        12  -0.10000000E+01
    97     3     3     0     4
         9  -0.87866983E-02
        10  -0.87305766E-01
        11  -0.87378378E-01
        12  -0.10000000E+01
    98     3     3     0     4
         9  -0.87754521E-02
        10  -0.77602305E-01
        11  -0.96100767E-01
        12  -0.10000000E+01
    99     3     3     0     4
         9  -0.81484532E-02
        10  -0.72233725E-01
        11  -0.10025156E+00
        12  -0.10000000E+01
   100     3     3     0     4
         9  -0.77583338E-02
        10  -0.68456564E-01
        11  -0.10289796E+00
        12  -0.10000000E+01
     1     4     4     0     4
        13  -0.10130946E-01
        14   0.80159236E-01
        15   0.88097732E-01
        16  -0.10000000E+01
     2     4     4     0     4
        13  -0.10498956E-01
        14   0.86074000E-01
        15   0.82282367E-01
        16  -0.10000000E+01
     3     4     4     0     4
        13  -0.97797673E-02
        14   0.98455486E-01
        15   0.67083700E-01
        16  -0.10000000E+01
     4     4     4     0     4
        13  -0.10055618E-01
        14   0.10881563E+00
        15   0.48449894E-01
        16  -0.10000000E+01
     5     4     4     0     4
        13  -0.22631580E-01
        14   0.11733144E+00
        15  -0.32392958E-02
        16  -0.10000000E+01
     6     4     4     0     0
     7     4     4     0     4
        13  -0.26387739E-01
        14   0.97306446E-01
        15  -0.64222209E-01
        16  -0.10000000E+01
     8     4     4     0     4
        13  -0.20655049E-01
        14   0.90786320E-01
        15  -0.74970410E-01
        16  -0.10000000E+01
     9     4     4     0     4
        13  -0.17026196E-01
        14   0.86536900E-01
        15  -0.80689671E-01
        16  -0.10000000E+01
    10     4     4     0     4
        13   0.16456366E-02
        14   0.68837578E-01
        15  -0.97714017E-01
        16  -0.10000000E+01
    11     4     4     0     4
        13  -0.11703950E-01
        14   0.72335280E-01
        15   0.94445615E-01
        16  -0.10000000E+01
    12     4     4     0     4
        13  -0.12280734E-01
        14   0.77915454E-01
        15   0.89820460E-01
        16  -0.10000000E+01
    13     4     4     0     4
        13  -0.17187875E-01
        14   0.85645838E-01
        15   0.81600961E-01
        16  -0.10000000E+01
    14     4     4     0     4
        13  -0.38594146E-01
        14   0.95817028E-01
        15   0.60157613E-01
        16  -0.10000000E+01
    15     4     4     0     4
        13  -0.49610231E-01
        14   0.10829078E+00
        15   0.10063826E-01
        16  -0.10000000E+01
    16     4     4     0     4
        13  -0.34476935E-01
        14   0.10231103E+00
        15  -0.51314167E-01
        16  -0.10000000E+01
    17     4     4     0     4
        13  -0.24986709E-01
        14   0.92493518E-01
        15  -0.71484004E-01
        16  -0.10000000E+01
    18     4     4     0     4
        13  -0.20111898E-01
        14   0.83853052E-01
        15  -0.82786029E-01
        16  -0.10000000E+01
    19     4     4     0     4
        13  -0.17156584E-01
        14   0.77610975E-01
        15  -0.89283467E-01
        16  -0.10000000E+01
    20     4     4     0     4
        13  -0.61908190E-03
        14   0.65456169E-01
        15  -0.10002228E+00
        16  -0.10000000E+01
    21     4     4     0     4
        13  -0.17314743E-01
        14   0.59379543E-01
        15   0.10229183E+00
        16  -0.10000000E+01
    22     4     4     0     4
        13  -0.23034233E-01
        14   0.63236229E-01
        15   0.98792474E-01
        16  -0.10000000E+01
    23     4     4     0     4
        13  -0.30157961E-01
        14   0.71021496E-01
        15   0.91300569E-01
        16  -0.10000000E+01
    24     4     4     0     4
        13  -0.47554281E-01
        14   0.86776248E-01
        15   0.67065808E-01
        16  -0.10000000E+01
    25     4     4     0     4
        13  -0.62968997E-01
        14   0.98276917E-01
        15   0.25805086E-01
        16  -0.10000000E+01
    26     4     4     0     4
        13  -0.48925068E-01
        14   0.94610999E-01
        15  -0.54262749E-01
        16  -0.10000000E+01
    27     4     4     0     4
        13  -0.35437639E-01
        14   0.82532040E-01
        15  -0.78879564E-01
        16  -0.10000000E+01
    28     4     4     0     4
        13  -0.26708553E-01
        14   0.74504485E-01
        15  -0.89582835E-01
        16  -0.10000000E+01
    29     4     4     0     4
        13  -0.18788707E-01
        14   0.69557883E-01
        15  -0.95383619E-01
        16  -0.10000000E+01
    30     4     4     0     4
        13  -0.23013633E-02
        14   0.55196258E-01
        15  -0.10600673E+00
        16  -0.10000000E+01
    31     4     4     0     4
        13  -0.26675484E-01
        14   0.42004385E-01
        15   0.10868946E+00
        16  -0.10000000E+01
    32     4     4     0     4
        13  -0.27406109E-01
        14   0.51196786E-01
        15   0.10448514E+00
        16  -0.10000000E+01
    33     4     4     0     4
        13  -0.30909972E-01
        14   0.61797951E-01
        15   0.97544535E-01
        16  -0.10000000E+01
    34     4     4     0     4
        13  -0.48347779E-01
        14   0.78499132E-01
        15   0.76090261E-01
        16  -0.10000000E+01
    35     4     4     0     4
        13  -0.73181584E-01
        14   0.90326916E-01
        15   0.27836191E-01
        16  -0.10000000E+01
    36     4     4     0     4
        13  -0.71441086E-01
        14   0.80346868E-01
        15  -0.52248458E-01
        16  -0.10000000E+01
    37     4     4     0     4
        13  -0.45691430E-01
        14   0.69516117E-01
        15  -0.85843765E-01
        16  -0.10000000E+01
    38     4     4     0     4
        13  -0.32257302E-01
        14   0.62089366E-01
        15  -0.96921239E-01
        16  -0.10000000E+01
    39     4     4     0     4
        13  -0.21131635E-01
        14   0.44666076E-01
        15  -0.10884735E+00
        16  -0.10000000E+01
    40     4     4     0     4
        13  -0.81862102E-02
        14   0.42538370E-01
        15  -0.11141285E+00
        16  -0.10000000E+01
    41     4     4     0     4
        13  -0.31561109E-01
        14   0.25831529E-01
        15   0.11236538E+00
        16  -0.10000000E+01
    42     4     4     0     4
        13  -0.32394489E-01
        14   0.29948839E-01
        15   0.11109912E+00
        16  -0.10000000E+01
    43     4     4     0     4
        13  -0.34377790E-01
        14   0.39925116E-01
        15   0.10730099E+00
        16  -0.10000000E+01
    44     4     4     0     4
        13  -0.76230294E-01
        14   0.29806101E-01
        15   0.87119963E-01
        16  -0.10000000E+01
    45     4     4     0     4
        13  -0.11322467E+00
        14   0.25487925E-01
        15   0.28633723E-01
        16  -0.10000000E+01
    46     4     4     0     4
        13  -0.98910517E-01
        14   0.30784040E-01
        15  -0.59652341E-01
        16  -0.10000000E+01
    47     4     4     0     4
        13  -0.64192198E-01
        14   0.33635739E-01
        15  -0.95064968E-01
        16  -0.10000000E+01
    48     4     4     0     4
        13  -0.42386376E-01
        14   0.22807842E-01
        15  -0.10941913E+00
        16  -0.10000000E+01
    49     4     4     0     4
        13  -0.32206057E-01
        14   0.13633463E-01
        15  -0.11430769E+00
        16  -0.10000000E+01
    50     4     4     0     4
        13  -0.18028693E-01
        14   0.26667453E-01
        15  -0.11512238E+00
        16  -0.10000000E+01
    51     4     4     0     4
        13  -0.33899245E-01
        14  -0.25241189E-02
        15   0.11460288E+00
        16  -0.10000000E+01
    52     4     4     0     4
        13  -0.36194424E-01
        14  -0.91097908E-02
        15   0.11356199E+00
        16  -0.10000000E+01
    53     4     4     0     4
        13  -0.42560315E-01
        14  -0.19015645E-01
        15   0.11007440E+00
        16  -0.10000000E+01
    54     4     4     0     4
        13  -0.81362188E-01
        14  -0.43886380E-01
        15   0.75786077E-01
        16  -0.10000000E+01
    55     4     4     0     4
        13  -0.10579169E+00
        14  -0.46936267E-01
        15   0.29907430E-01
        16  -0.10000000E+01
    56     4     4     0     4
        13  -0.99310468E-01
        14  -0.37888501E-01
        15  -0.54692248E-01
        16  -0.10000000E+01
    57     4     4     0     4
        13  -0.66888331E-01
        14  -0.31351571E-01
        15  -0.93980740E-01
        16  -0.10000000E+01
    58     4     4     0     4
        13  -0.41901768E-01
        14  -0.26792866E-01
        15  -0.10870020E+00
        16  -0.10000000E+01
    59     4     4     0     4
        13  -0.36329040E-01
        14  -0.20401682E-01
        15  -0.11204161E+00
        16  -0.10000000E+01
    60     4     4     0     4
        13  -0.31192307E-01
        14  -0.98186146E-02
        15  -0.11497819E+00
        16  -0.10000000E+01
    61     4     4     0     4
        13  -0.31335053E-01
        14  -0.36359844E-01
        15   0.10947797E+00
        16  -0.10000000E+01
    62     4     4     0     4
        13  -0.31007478E-01
        14  -0.40473434E-01
        15   0.10811932E+00
        16  -0.10000000E+01
    63     4     4     0     4
        13  -0.38746355E-01
        14  -0.51504345E-01
        15   0.10067458E+00
        16  -0.10000000E+01
    64     4     4     0     4
        13  -0.72686707E-01
        14  -0.64506770E-01
        15   0.69605090E-01
        16  -0.10000000E+01
    65     4     4     0     4
        13  -0.91521469E-01
        14  -0.71669415E-01
        15   0.27868712E-01
        16  -0.10000000E+01
    66     4     4     0     4
        13  -0.82291326E-01
        14  -0.69734695E-01
        15  -0.51522417E-01
        16  -0.10000000E+01
    67     4     4     0     4
        13  -0.55592565E-01
        14  -0.59551561E-01
        15  -0.87478155E-01
        16  -0.10000000E+01
    68     4     4     0     4
        13  -0.35999451E-01
        14  -0.48425380E-01
        15  -0.10319095E+00
        16  -0.10000000E+01
    69     4     4     0     4
        13  -0.31766265E-01
        14  -0.44044539E-01
        15  -0.10649100E+00
        16  -0.10000000E+01
    70     4     4     0     4
        13  -0.29619224E-01
        14  -0.39090426E-01
        15  -0.10901371E+00
        16  -0.10000000E+01
    71     4     4     0     4
        13  -0.26475969E-01
        14  -0.51926944E-01
        15   0.10436458E+00
        16  -0.10000000E+01
    72     4     4     0     0
    73     4     4     0     4
        13  -0.20604715E-01
        14  -0.74243262E-01
        15   0.91393289E-01
        16  -0.10000000E+01
    74     4     4     0     4
        13  -0.60611676E-01
        14  -0.77378024E-01
        15   0.68030990E-01
        16  -0.10000000E+01
    75     4     4     0     4
        13  -0.80002440E-01
        14  -0.87609164E-01
        15   0.14614835E-01
        16  -0.10000000E+01
    76     4     4     0     4
        13  -0.62659337E-01
        14  -0.84968899E-01
        15  -0.56066417E-01
        16  -0.10000000E+01
    77     4     4     0     4
        13  -0.45261785E-01
        14  -0.74110577E-01
        15  -0.82148297E-01
        16  -0.10000000E+01
    78     4     4     0     4
        13  -0.30371943E-01
        14  -0.60780959E-01
        15  -0.98349222E-01
        16  -0.10000000E+01
    79     4     4     0     4
        13  -0.28075355E-01
        14  -0.56260689E-01
        15  -0.10166543E+00
        16  -0.10000000E+01
    80     4     4     0     4
        13  -0.25721435E-01
        14  -0.53739220E-01
        15  -0.10363326E+00
        16  -0.10000000E+01
    81     4     4     0     4
        13  -0.19717020E-01
        14  -0.66008851E-01
        15   0.97690430E-01
        16  -0.10000000E+01
    82     4     4     0     4
        13  -0.11976912E-01
        14  -0.77016652E-01
        15   0.90632987E-01
        16  -0.10000000E+01
    83     4     4     0     4
        13  -0.10825389E-01
        14  -0.83099187E-01
        15   0.85244856E-01
        16  -0.10000000E+01
    84     4     4     0     4
        13  -0.21860552E-01
        14  -0.90899244E-01
        15   0.74490222E-01
        16  -0.10000000E+01
    85     4     4     0     4
        13  -0.60123386E-01
        14  -0.10324683E+00
        15   0.38237060E-02
        16  -0.10000000E+01
    86     4     4     0     4
        13  -0.45209775E-01
        14  -0.94690125E-01
        15  -0.57264352E-01
        16  -0.10000000E+01
    87     4     4     0     4
        13  -0.33258122E-01
        14  -0.84092768E-01
        15  -0.78177062E-01
        16  -0.10000000E+01
    88     4     4     0     4
        13  -0.26557643E-01
        14  -0.69991814E-01
        15  -0.93194351E-01
        16  -0.10000000E+01
    89     4     4     0     4
        13  -0.25365227E-01
        14  -0.65254877E-01
        15  -0.96890431E-01
        16  -0.10000000E+01
    90     4     4     0     4
        13  -0.23656700E-01
        14  -0.60922911E-01
        15  -0.10009050E+00
        16  -0.10000000E+01
    91     4     4     0     4
        13  -0.10903459E-01
        14  -0.75849302E-01
        15   0.91746103E-01
        16  -0.10000000E+01
    92     4     4     0     4
        13  -0.76741521E-02
        14  -0.83337879E-01
        15   0.85353703E-01
        16  -0.10000000E+01
    93     4     4     0     4
        13  -0.69613176E-02
        14  -0.88739531E-01
        15   0.79788376E-01
        16  -0.10000000E+01
    94     4     4     0     4
        13  -0.44987496E-02
        14  -0.10494358E+00
        15   0.57060989E-01
        16  -0.10000000E+01
    95     4     4     0     4
        13  -0.73152616E-02
        14  -0.11655887E+00
        15   0.25492464E-01
        16  -0.10000000E+01
    96     4     4     0     4
        13  -0.29044292E-01
        14  -0.10424467E+00
        15  -0.50782164E-01
        16  -0.10000000E+01
    97     4     4     0     4
        13  -0.28111354E-01
        14  -0.84369700E-01
        15  -0.79880253E-01
        16  -0.10000000E+01
    98     4     4     0     4
        13  -0.26273914E-01
        14  -0.73981905E-01
        15  -0.90142712E-01
        16  -0.10000000E+01
    99     4     4     0     4
        13  -0.24877942E-01
        14  -0.68523597E-01
        15  -0.94736234E-01
        16  -0.10000000E+01
   100     4     4     0     4
        13  -0.23972715E-01
        14  -0.64479223E-01
        15  -0.97760361E-01
        16  -0.10000000E+01
     1     5     5     0     4
        17  -0.18181625E-01
        18   0.87955628E-01
        19   0.98859051E-01
        20  -0.10000000E+01
     2     5     5     0     4
        17  -0.15117872E-01
        18   0.93914701E-01
        19   0.93762225E-01
        20  -0.10000000E+01
     3     5     5     0     4
        17  -0.87359717E-02
        18   0.10636540E+00
        19   0.80311651E-01
        20  -0.10000000E+01
     4     5     5     0     4
        17  -0.69063696E-02
        18   0.11878054E+00
        19   0.60690698E-01
        20  -0.10000000E+01
     5     5     5     0     4
        17  -0.17002690E-01
        18   0.13204383E+00
        19  -0.10733623E-01
        20  -0.10000000E+01
     6     5     5     0     0
     7     5     5     0     4
        17  -0.19390695E-01
        18   0.11157908E+00
        19  -0.70809499E-01
        20  -0.10000000E+01
     8     5     5     0     4
        17  -0.12772104E-01
        18   0.10391190E+00
        19  -0.82940142E-01
        20  -0.10000000E+01
     9     5     5     0     4
        17  -0.73923180E-02
        18   0.99030279E-01
        19  -0.89320957E-01
        20  -0.10000000E+01
    10     5     5     0     4
        17  -0.97199924E-03
        18   0.84809047E-01
        19  -0.10318118E+00
        20  -0.10000000E+01
    11     5     5     0     4
        17  -0.19479974E-01
        18   0.79524074E-01
        19   0.10552880E+00
        20  -0.10000000E+01
    12     5     5     0     4
        17  -0.20322558E-01
        18   0.84447866E-01
        19   0.10146639E+00
        20  -0.10000000E+01
    13     5     5     0     4
        17  -0.31566448E-01
        18   0.91115107E-01
        19   0.92420088E-01
        20  -0.10000000E+01
    14     5     5     0     4
        17  -0.40595485E-01
        18   0.10933556E+00
        19   0.65096983E-01
        20  -0.10000000E+01
    15     5     5     0     4
        17  -0.50030710E-01
        18   0.12100235E+00
        19   0.26367335E-01
        20  -0.10000000E+01
    16     5     5     0     4
        17  -0.30671448E-01
        18   0.11838014E+00
        19  -0.53714810E-01
        20  -0.10000000E+01
    17     5     5     0     4
        17  -0.16593958E-01
        18   0.10591942E+00
        19  -0.79659223E-01
        20  -0.10000000E+01
    18     5     5     0     4
        17  -0.87345006E-02
        18   0.95241271E-01
        19  -0.93234568E-01
        20  -0.10000000E+01
    19     5     5     0     4
        17  -0.69680810E-02
        18   0.89173433E-01
        19  -0.99193854E-01
        20  -0.10000000E+01
    20     5     5     0     4
        17  -0.21422252E-02
        18   0.80984808E-01
        19  -0.10619203E+00
        20  -0.10000000E+01
    21     5     5     0     4
        17  -0.29546533E-01
        18   0.62781945E-01
        19   0.11412846E+00
        20  -0.10000000E+01
    22     5     5     0     4
        17  -0.29058630E-01
        18   0.69624379E-01
        19   0.11021759E+00
        20  -0.10000000E+01
    23     5     5     0     4
        17  -0.29630973E-01
        18   0.81709698E-01
        19   0.10141699E+00
        20  -0.10000000E+01
    24     5     5     0     4
        17  -0.39441976E-01
        18   0.10516709E+00
        19   0.72277860E-01
        20  -0.10000000E+01
    25     5     5     0     4
        17  -0.52381480E-01
        18   0.11733048E+00
        19   0.36463881E-01
        20  -0.10000000E+01
    26     5     5     0     4
        17  -0.47688373E-01
        18   0.11458078E+00
        19  -0.49365361E-01
        20  -0.10000000E+01
    27     5     5     0     4
        17  -0.24750314E-01
        18   0.97155893E-01
        19  -0.88249817E-01
        20  -0.10000000E+01
    28     5     5     0     4
        17  -0.12799321E-01
        18   0.86681163E-01
        19  -0.10080887E+00
        20  -0.10000000E+01
    29     5     5     0     4
        17  -0.62029366E-02
        18   0.81138748E-01
        19  -0.10591460E+00
        20  -0.10000000E+01
    30     5     5     0     4
        17   0.26658243E-02
        18   0.64774373E-01
        19  -0.11677778E+00
        20  -0.10000000E+01
    31     5     5     0     4
        17  -0.34298991E-01
        18   0.40983686E-01
        19   0.12240830E+00
        20  -0.10000000E+01
    32     5     5     0     4
        17  -0.33394640E-01
        18   0.53316173E-01
        19   0.11782215E+00
        20  -0.10000000E+01
    33     5     5     0     4
        17  -0.32041163E-01
        18   0.69132634E-01
        19   0.10969922E+00
        20  -0.10000000E+01
    34     5     5     0     4
        17  -0.37545079E-01
        18   0.95172185E-01
        19   0.85863253E-01
        20  -0.10000000E+01
    35     5     5     0     4
        17  -0.71846801E-01
        18   0.10747296E+00
        19   0.33577917E-01
        20  -0.10000000E+01
    36     5     5     0     4
        17  -0.69802189E-01
        18   0.97155615E-01
        19  -0.59399637E-01
        20  -0.10000000E+01
    37     5     5     0     4
        17  -0.38420049E-01
        18   0.81954900E-01
        19  -0.98220008E-01
        20  -0.10000000E+01
    38     5     5     0     4
        17  -0.18118950E-01
        18   0.73971913E-01
        19  -0.10972573E+00
        20  -0.10000000E+01
    39     5     5     0     4
        17  -0.85246948E-02
        18   0.55740366E-01
        19  -0.12107938E+00
        20  -0.10000000E+01
    40     5     5     0     4
        17  -0.50567579E-02
        18   0.47254364E-01
        19  -0.12482520E+00
        20  -0.10000000E+01
    41     5     5     0     4
        17  -0.37263999E-01
        18   0.26342255E-01
        19   0.12552831E+00
        20  -0.10000000E+01
    42     5     5     0     4
        17  -0.38013014E-01
        18   0.30412948E-01
        19   0.12437821E+00
        20  -0.10000000E+01
    43     5     5     0     4
        17  -0.38543804E-01
        18   0.40113572E-01
        19   0.12142962E+00
        20  -0.10000000E+01
    44     5     5     0     4
        17  -0.82523084E-01
        18   0.28455248E-01
        19   0.10109459E+00
        20  -0.10000000E+01
    45     5     5     0     4
        17  -0.12207241E+00
        18   0.33258356E-01
        19   0.42802850E-01
        20  -0.10000000E+01
    46     5     5     0     4
        17  -0.10474093E+00
        18   0.36067284E-01
        19  -0.74621473E-01
        20  -0.10000000E+01
    47     5     5     0     4
        17  -0.61923417E-01
        18   0.40672038E-01
        19  -0.11113573E+00
        20  -0.10000000E+01
    48     5     5     0     4
        17  -0.28443951E-01
        18   0.39937768E-01
        19  -0.12424086E+00
        20  -0.10000000E+01
    49     5     5     0     4
        17  -0.94045615E-02
        18   0.22747532E-01
        19  -0.13127825E+00
        20  -0.10000000E+01
    50     5     5     0     4
        17  -0.46480339E-02
        18   0.28625312E-01
        19  -0.13037969E+00
        20  -0.10000000E+01
    51     5     5     0     4
        17  -0.37801367E-01
        18   0.45137708E-03
        19   0.12810437E+00
        20  -0.10000000E+01
    52     5     5     0     4
        17  -0.39939052E-01
        18  -0.27777060E-02
        19   0.12742461E+00
        20  -0.10000000E+01
    53     5     5     0     4
        17  -0.44666044E-01
        18  -0.18375136E-01
        19   0.12452781E+00
        20  -0.10000000E+01
    54     5     5     0     4
        17  -0.81261237E-01
        18  -0.54771134E-01
        19   0.90755772E-01
        20  -0.10000000E+01
    55     5     5     0     4
        17  -0.10754164E+00
        18  -0.64845466E-01
        19   0.45494359E-01
        20  -0.10000000E+01
    56     5     5     0     4
        17  -0.10613247E+00
        18  -0.50736901E-01
        19  -0.63257733E-01
        20  -0.10000000E+01
    57     5     5     0     4
        17  -0.65460230E-01
        18  -0.33866424E-01
        19  -0.11139075E+00
        20  -0.10000000E+01
    58     5     5     0     4
        17  -0.24570736E-01
        18  -0.30818758E-01
        19  -0.12761802E+00
        20  -0.10000000E+01
    59     5     5     0     4
        17  -0.11483029E-01
        18  -0.23762984E-01
        19  -0.13093256E+00
        20  -0.10000000E+01
    60     5     5     0     4
        17  -0.24402231E-02
        18  -0.12047217E-01
        19  -0.13299919E+00
        20  -0.10000000E+01
    61     5     5     0     4
        17  -0.40240333E-01
        18  -0.22583005E-01
        19   0.12534193E+00
        20  -0.10000000E+01
    62     5     5     0     4
        17  -0.41724797E-01
        18  -0.28708926E-01
        19   0.12359092E+00
        20  -0.10000000E+01
    63     5     5     0     4
        17  -0.52377453E-01
        18  -0.65072008E-01
        19   0.10422146E+00
        20  -0.10000000E+01
    64     5     5     0     4
        17  -0.73733103E-01
        18  -0.77168352E-01
        19   0.80301625E-01
        20  -0.10000000E+01
    65     5     5     0     4
        17  -0.89593509E-01
        18  -0.90539557E-01
        19   0.40192880E-01
        20  -0.10000000E+01
    66     5     5     0     4
        17  -0.82587381E-01
        18  -0.88409600E-01
        19  -0.56594549E-01
        20  -0.10000000E+01
    67     5     5     0     4
        17  -0.50774986E-01
        18  -0.73734736E-01
        19  -0.99120963E-01
        20  -0.10000000E+01
    68     5     5     0     4
        17  -0.14388978E-01
        18  -0.57663084E-01
        19  -0.11961522E+00
        20  -0.10000000E+01
    69     5     5     0     4
        17  -0.42741102E-02
        18  -0.51794409E-01
        19  -0.12304043E+00
        20  -0.10000000E+01
    70     5     5     0     4
        17   0.51590892E-04
        18  -0.45331771E-01
        19  -0.12563799E+00
        20  -0.10000000E+01
    71     5     5     0     4
        17  -0.38529502E-01
        18  -0.47357139E-01
        19   0.11879670E+00
        20  -0.10000000E+01
    72     5     5     0     0
    73     5     5     0     4
        17  -0.33239624E-01
        18  -0.76124510E-01
        19   0.10459475E+00
        20  -0.10000000E+01
    74     5     5     0     4
        17  -0.65839724E-01
        18  -0.91635829E-01
        19   0.71469444E-01
        20  -0.10000000E+01
    75     5     5     0     4
        17  -0.78997272E-01
        18  -0.10330091E+00
        19   0.30466853E-01
        20  -0.10000000E+01
    76     5     5     0     4
        17  -0.66572601E-01
        18  -0.10426825E+00
        19  -0.50359668E-01
        20  -0.10000000E+01
    77     5     5     0     4
        17  -0.36261953E-01
        18  -0.89282788E-01
        19  -0.92485298E-01
        20  -0.10000000E+01
    78     5     5     0     4
        17  -0.35355759E-02
        18  -0.70107691E-01
        19  -0.11363225E+00
        20  -0.10000000E+01
    79     5     5     0     4
        17   0.25515869E-02
        18  -0.64491981E-01
        19  -0.11693652E+00
        20  -0.10000000E+01
    80     5     5     0     4
        17   0.68109036E-02
        18  -0.61114535E-01
        19  -0.11856855E+00
        20  -0.10000000E+01
    81     5     5     0     0
    82     5     5     0     0
    83     5     5     0     0
    84     5     5     0     4
        17  -0.53336588E-01
        18  -0.98338797E-01
        19   0.72969619E-01
        20  -0.10000000E+01
    85     5     5     0     4
        17  -0.68992657E-01
        18  -0.11311784E+00
        19   0.16859550E-01
        20  -0.10000000E+01
    86     5     5     0     4
        17  -0.44514693E-01
        18  -0.11052763E+00
        19  -0.60348671E-01
        20  -0.10000000E+01
    87     5     5     0     4
        17  -0.12450268E-01
        18  -0.97374217E-01
        19  -0.90571125E-01
        20  -0.10000000E+01
    88     5     5     0     4
        17   0.35904796E-02
        18  -0.79509442E-01
        19  -0.10726245E+00
        20  -0.10000000E+01
    89     5     5     0     4
        17   0.54965718E-02
        18  -0.74538170E-01
        19  -0.11069654E+00
        20  -0.10000000E+01
    90     5     5     0     4
        17   0.89227980E-02
        18  -0.69131049E-01
        19  -0.11393488E+00
        20  -0.10000000E+01
    91     5     5     0     4
        17  -0.32048874E-01
        18  -0.71793102E-01
        19   0.10797452E+00
        20  -0.10000000E+01
    92     5     5     0     4
        17  -0.33321891E-01
        18  -0.79517869E-01
        19   0.10201194E+00
        20  -0.10000000E+01
    93     5     5     0     0
    94     5     5     0     4
        17  -0.36352241E-01
        18  -0.10303908E+00
        19   0.76820169E-01
        20  -0.10000000E+01
    95     5     5     0     4
        17  -0.14133108E-01
        18  -0.13202570E+00
        19   0.14468750E-01
        20  -0.10000000E+01
    96     5     5     0     4
        17  -0.21999291E-01
        18  -0.11469010E+00
        19  -0.64823522E-01
        20  -0.10000000E+01
    97     5     5     0     4
        17   0.35079450E-03
        18  -0.93899562E-01
        19  -0.94987500E-01
        20  -0.10000000E+01
    98     5     5     0     4
        17   0.30584381E-02
        18  -0.83951918E-01
        19  -0.10383929E+00
        20  -0.10000000E+01
    99     5     5     0     4
        17   0.57902663E-02
        18  -0.77935070E-01
        19  -0.10831654E+00
        20  -0.10000000E+01
   100     5     5     0     4
        17   0.91110556E-02
        18  -0.72721866E-01
        19  -0.11166197E+00
        20  -0.10000000E+01
