           5
           0
   49.1324768      -41.0005379       141.401596    
           1
           2
           0           2           2           1
           1           1
           0
   49.3114090      -40.9997940       141.599060    
           1
           2
           0           2           2           1
           1           1
           0
   49.6114731      -41.0006371       141.499176    
           1
           2
           0           2           2           1
           1           1
           0
   53.4964600      -40.9984627       141.500168    
           1
           2
           0           2           2           1
           1           1
           0
   43.8588181      -41.0016861       141.501114    
           1
           2
           0           2           2           1
           1           1
