          28
           0
  0.349999994      -31.3234997       138.899307               1
           1
           1
           0           1
           1
           0
  0.277999997      -31.5083008       138.402405               2
           1
           1
           0           1
           1
           0
  0.291000009      -31.6175003       138.883301               3
           1
           1
           0           1
           1
           0
  0.449999988      -31.9626007       138.869202               4
           1
           1
           0           1
           1
           0
  0.150999993      -31.9755993       138.030197               5
           1
           1
           0           1
           1
           0
  0.202000007      -32.4826012       137.932602               6
           1
           1
           0           1
           1
           0
  0.453000009      -32.5382004       138.410095               7
           1
           1
           0           1
           1
           0
  0.554000020      -33.1249008       138.568298               8
           1
           1
           0           1
           1
           0
  0.312999994      -33.4709015       138.575699               9
           1
           1
           0           1
           1
           0
  0.196999997      -33.5439987       138.126999              10
           1
           1
           0           1
           1
           0
  0.619000018      -33.7793007       138.918900              11
           1
           1
           0           1
           1
           0
  0.152999997      -32.6964989       137.977997              13
           1
           1
           0           1
           1
           0
   0.00000000      -32.7633018       138.589706              14
           1
           1
           0           1
           1
           0
  0.550000012      -32.2314987       138.627808              15
           1
           1
           0           1
           1
           0
   0.00000000      -31.7644005       138.552505              16
           1
           1
           0           1
           1
           0
  0.550000012      -31.3670998       138.721497              17
           1
           1
           0           1
           1
           0
  0.528999984      -31.6723003       138.676697              18
           1
           1
           0           1
           1
           0
  0.544000030      -31.5230999       138.623306              19
           1
           1
           0           1
           1
           0
  0.300000012      -31.2978001       138.585205              20
           1
           1
           0           1
           1
           0
  0.259000003      -31.1299992       138.511002              21
           1
           1
           0           1
           1
           0
  0.330000013      -31.7644005       138.552505              22
           1
           1
           0           1
           1
           0
   0.00000000      -33.4305000       138.921707              23
           1
           1
           0           1
           1
           0
   0.00000000      -33.1839981       138.145004              24
           1
           1
           0           1
           1
           0
  0.180000007      -32.7010002       137.983002              25
           1
           1
           0           1
           1
           0
  0.550000012      -32.2314987       138.627808              26
           1
           1
           0           1
           1
           0
   0.00000000      -31.7644005       138.552505              27
           1
           1
           0           1
           1
           0
   0.00000000      -32.7633018       138.589706              28
           1
           1
           0           1
           1
           0
   0.00000000      -34.5093002       139.337006              29
           1
           1
           0           1
           1
