          28
           1          91
           1   8.9259996      0.10000000    
           2   39.160000      0.10000000    
           3   10.927000      0.10000000    
           4   12.389000      0.10000000    
           5   11.518000      0.10000000    
           6   12.401000      0.10000000    
           7   13.028000      0.10000000    
           8   9.2830000      0.10000000    
           9   4.4499998      0.10000000    
          10   9.4379997      0.10000000    
          11   8.1529999      0.10000000    
          12   11.098000      0.10000000    
          13   4.1919999      0.10000000    
          14   13.168000      0.10000000    
          15   8.5260000      0.10000000    
          16   9.3690004      0.10000000    
          17   8.7209997      0.10000000    
          18   9.9580002      0.10000000    
          19   5.4879999      0.10000000    
          20   12.065000      0.10000000    
          21   26.645000      0.10000000    
          22   10.061000      0.10000000    
          23   12.745000      0.10000000    
          24   7.1700001      0.10000000    
          25   4.5739999      0.10000000    
          26   8.1239996      0.10000000    
          27   14.296000      0.10000000    
          28   10.143000      0.10000000    
          29   11.091000      0.10000000    
          30   19.888000      0.10000000    
          31   5.3730001      0.10000000    
          32   14.583000      0.10000000    
          33   14.177000      0.10000000    
          34   35.950001      0.10000000    
          35   18.379999      0.10000000    
          36   17.888000      0.10000000    
          37   18.181999      0.10000000    
          38   17.923000      0.10000000    
          39   8.2360001      0.10000000    
          40   7.8400002      0.10000000    
          41   28.921000      0.10000000    
          42   13.516000      0.10000000    
          43   11.409000      0.10000000    
          44   13.350000      0.10000000    
          45   37.049000      0.10000000    
          46   4.3899999      0.10000000    
          47   17.986000      0.10000000    
          48   12.515000      0.10000000    
          49   9.8450003      0.10000000    
          50   11.111000      0.10000000    
          51   11.488000      0.10000000    
          52   47.845001      0.10000000    
          53   9.7860003      0.10000000    
          54   5.5860000      0.10000000    
          55   9.1110001      0.10000000    
          56   16.653999      0.10000000    
          57   14.247000      0.10000000    
          58   17.886000      0.10000000    
          59   8.7080002      0.10000000    
          60   12.206000      0.10000000    
          61   10.828000      0.10000000    
          62   12.137000      0.10000000    
          63   13.018000      0.10000000    
          64   11.617000      0.10000000    
          65   11.719000      0.10000000    
          66   19.927999      0.10000000    
          67   18.478001      0.10000000    
          68   7.4070001      0.10000000    
          69   10.886000      0.10000000    
          70   9.1479998      0.10000000    
          71   8.3579998      0.10000000    
          72   20.337000      0.10000000    
          73   9.5579996      0.10000000    
          74   4.9000001      0.10000000    
          75   9.5299997      0.10000000    
          76   8.9119997      0.10000000    
          77   14.634000      0.10000000    
          78   10.641000      0.10000000    
          79   8.8079996      0.10000000    
          80   32.384998      0.10000000    
          81   12.339000      0.10000000    
          82   10.697000      0.10000000    
          83   13.509000      0.10000000    
          84   13.747000      0.10000000    
          85   23.139999      0.10000000    
          86   9.1300001      0.10000000    
          87   12.704000      0.10000000    
          88   7.3889999      0.10000000    
          89   4.7430000      0.10000000    
          90   8.8330002      0.10000000    
          91   33.389999      0.10000000    
           2         144
          92   42.529999      0.10000000    
           3   16.139000      0.10000000    
           4   4.8020000      0.10000000    
          93   52.355999      0.10000000    
           5   9.2779999      0.10000000    
           6   4.9359999      0.10000000    
          94   52.022999      0.10000000    
           7   11.311000      0.10000000    
          95   10.719000      0.10000000    
          96   9.0579996      0.10000000    
          97   14.855000      0.10000000    
           8   6.9200001      0.10000000    
          98   13.994000      0.10000000    
          99   41.168999      0.10000000    
         100   3.8340001      0.10000000    
         101   41.126999      0.10000000    
         102   6.9809999      0.10000000    
         103   15.064000      0.10000000    
         104   44.064999      0.10000000    
         105   26.909000      0.10000000    
         106   20.638000      0.10000000    
         107   29.750000      0.10000000    
         108   8.9820004      0.10000000    
         109   35.495998      0.10000000    
         110   28.615000      0.10000000    
         111   6.7119999      0.10000000    
         112   7.7389998      0.10000000    
         113   6.6180000      0.10000000    
         114   21.934000      0.10000000    
         115   38.678001      0.10000000    
           9   14.890000      0.10000000    
          10   9.3579998      0.10000000    
          11   7.9940000      0.10000000    
          12   7.2090001      0.10000000    
          14   7.0219998      0.10000000    
         116   4.8390002      0.10000000    
         117   12.728000      0.10000000    
         118   9.4619999      0.10000000    
         119   21.799000      0.10000000    
         120   22.992001      0.10000000    
         121   13.575000      0.10000000    
         122   20.128000      0.10000000    
         123   15.922000      0.10000000    
         124   11.737000      0.10000000    
          15   8.8520002      0.10000000    
         125   10.867000      0.10000000    
          16   7.3769999      0.10000000    
          18   9.0360003      0.10000000    
          19   18.309000      0.10000000    
          21   21.684999      0.10000000    
          22   9.9300003      0.10000000    
          23   11.291000      0.10000000    
          24   18.087000      0.10000000    
          25   15.384000      0.10000000    
         126   4.5019999      0.10000000    
          26   8.0229998      0.10000000    
         127   16.664000      0.10000000    
         128   9.6639996      0.10000000    
         129   14.315000      0.10000000    
         130   15.789000      0.10000000    
          27   14.846000      0.10000000    
         131   13.231000      0.10000000    
          29   7.9060001      0.10000000    
         132   21.978001      0.10000000    
          35   26.305000      0.10000000    
          37   26.174999      0.10000000    
          38   20.174000      0.10000000    
          39   7.7440000      0.10000000    
          40   10.195000      0.10000000    
          56   18.846001      0.10000000    
          57   8.8000002      0.10000000    
          59   7.2579999      0.10000000    
          60   9.8149996      0.10000000    
          61   13.163000      0.10000000    
          66   9.1899996      0.10000000    
          67   29.620001      0.10000000    
          68   20.723000      0.10000000    
         133   14.375000      0.10000000    
          69   11.365000      0.10000000    
          70   9.2700005      0.10000000    
          72   18.702999      0.10000000    
         134   33.091000      0.10000000    
         135   12.988000      0.10000000    
         136   20.943001      0.10000000    
         137   34.021000      0.10000000    
         138   32.887001      0.10000000    
         139   9.0360003      0.10000000    
         140   17.117001      0.10000000    
         141   33.312000      0.10000000    
         142   8.6420002      0.10000000    
         143   11.387000      0.10000000    
         144   44.894001      0.10000000    
         145   11.817000      0.10000000    
         146   32.095001      0.10000000    
         147   16.198999      0.10000000    
         148   19.427000      0.10000000    
         149   34.220001      0.10000000    
         150   23.582001      0.10000000    
         151   8.2379999      0.10000000    
         152   5.0790000      0.10000000    
         153   27.521000      0.10000000    
         154   20.830000      0.10000000    
         155   29.046000      0.10000000    
         156   7.5549998      0.10000000    
         157   16.037001      0.10000000    
         158   24.715000      0.10000000    
          73   7.2960000      0.10000000    
         159   18.959999      0.10000000    
         160   10.908000      0.10000000    
         161   41.529999      0.10000000    
         162   8.0050001      0.10000000    
         163   7.5139999      0.10000000    
         164   5.1960001      0.10000000    
         165   24.836000      0.10000000    
         166   14.545000      0.10000000    
         167   31.569000      0.10000000    
         168   31.355000      0.10000000    
         169   9.8380003      0.10000000    
         170   27.691999      0.10000000    
         171   7.8130002      0.10000000    
         172   26.518999      0.10000000    
          75   9.7679996      0.10000000    
          76   8.9239998      0.10000000    
         173   44.777000      0.10000000    
          78   8.4499998      0.10000000    
          79   8.1520004      0.10000000    
          80   24.363001      0.10000000    
         174   33.067001      0.10000000    
          81   25.905001      0.10000000    
          82   7.6389999      0.10000000    
          84   16.437000      0.10000000    
          86   7.4949999      0.10000000    
          87   27.139999      0.10000000    
          88   8.0939999      0.10000000    
         175   6.3280001      0.10000000    
         176   6.0070000      0.10000000    
         177   8.6389999      0.10000000    
         178   7.1529999      0.10000000    
          89   18.426001      0.10000000    
         179   25.826000      0.10000000    
          90   7.6659999      0.10000000    
         180   7.8369999      0.10000000    
         181   19.105000      0.10000000    
         182   6.1770000      0.10000000    
           3         182
         183   11.678000      0.10000000    
           1   6.2950001      0.10000000    
           3   18.684999      0.10000000    
           4   10.514000      0.10000000    
         184   12.084000      0.10000000    
         185   52.157001      0.10000000    
           5   6.6009998      0.10000000    
           6   10.611000      0.10000000    
         186   36.023998      0.10000000    
          94   50.779999      0.10000000    
           7   7.1469998      0.10000000    
          96   6.3470001      0.10000000    
          98   14.889000      0.10000000    
         187   35.020000      0.10000000    
          99   40.612999      0.10000000    
         101   40.709000      0.10000000    
         102   8.6540003      0.10000000    
         103   11.597000      0.10000000    
         104   42.918999      0.10000000    
         105   20.297001      0.10000000    
         106   21.209000      0.10000000    
         107   29.372999      0.10000000    
         108   9.3339996      0.10000000    
         109   34.098000      0.10000000    
         110   30.780001      0.10000000    
         111   8.9540005      0.10000000    
         112   9.6580000      0.10000000    
         113   7.5330000      0.10000000    
         114   10.190000      0.10000000    
         115   40.245998      0.10000000    
           9   12.423000      0.10000000    
          10   7.8579998      0.10000000    
          11   9.6149998      0.10000000    
          12   9.1099997      0.10000000    
          14   8.5070000      0.10000000    
         188   10.235000      0.10000000    
         116   10.262000      0.10000000    
         117   16.646000      0.10000000    
         118   8.1210003      0.10000000    
         119   11.539000      0.10000000    
         120   23.174999      0.10000000    
         121   13.794000      0.10000000    
         189   19.798000      0.10000000    
         122   16.979000      0.10000000    
         124   10.255000      0.10000000    
         190   24.896000      0.10000000    
         191   23.469000      0.10000000    
         192   14.370000      0.10000000    
         193   15.364000      0.10000000    
         194   14.280000      0.10000000    
          15   9.9429998      0.10000000    
         125   9.2500000      0.10000000    
          16   10.241000      0.10000000    
          17   9.1129999      0.10000000    
          18   7.2470002      0.10000000    
          19   8.7539997      0.10000000    
          20   7.0370002      0.10000000    
          22   7.3239999      0.10000000    
          23   7.2090001      0.10000000    
          24   6.3870001      0.10000000    
          25   11.405000      0.10000000    
         126   12.190000      0.10000000    
          26   9.5719995      0.10000000    
         127   9.1160002      0.10000000    
         128   6.3420000      0.10000000    
         129   15.264000      0.10000000    
         130   11.625000      0.10000000    
         195   10.401000      0.10000000    
          27   7.6880002      0.10000000    
         196   13.398000      0.10000000    
         131   13.559000      0.10000000    
          28   6.5200000      0.10000000    
         132   20.806999      0.10000000    
          30   11.460000      0.10000000    
          31   12.264000      0.10000000    
          32   9.7700005      0.10000000    
          33   8.2600002      0.10000000    
          34   27.636000      0.10000000    
          35   12.509000      0.10000000    
          36   12.038000      0.10000000    
         197   17.499001      0.10000000    
          37   12.315000      0.10000000    
          38   9.9639997      0.10000000    
          39   8.4099998      0.10000000    
          40   10.914000      0.10000000    
          41   21.400000      0.10000000    
          42   8.4270000      0.10000000    
          43   7.6190000      0.10000000    
         198   35.403000      0.10000000    
          44   6.9480000      0.10000000    
         199   27.186001      0.10000000    
         200   5.9020000      0.10000000    
          46   6.4330001      0.10000000    
          47   10.476000      0.10000000    
          49   9.0640001      0.10000000    
         201   10.917000      0.10000000    
          51   6.9940000      0.10000000    
          52   41.159000      0.10000000    
          53   12.545000      0.10000000    
          54   7.3920002      0.10000000    
         202   51.277000      0.10000000    
          55   7.0500002      0.10000000    
          59   9.2480001      0.10000000    
          60   6.6220002      0.10000000    
          61   5.9299998      0.10000000    
          62   18.478001      0.10000000    
          63   19.462999      0.10000000    
          64   18.056000      0.10000000    
          65   18.773001      0.10000000    
          66   13.210000      0.10000000    
          67   14.696000      0.10000000    
          68   10.826000      0.10000000    
         133   15.220000      0.10000000    
          69   5.8200002      0.10000000    
          70   5.8290000      0.10000000    
          71   17.462999      0.10000000    
          72   11.292000      0.10000000    
         135   8.0749998      0.10000000    
         136   16.136000      0.10000000    
         203   37.865002      0.10000000    
         204   66.378998      0.10000000    
         138   31.297001      0.10000000    
         139   5.4860001      0.10000000    
         140   22.296000      0.10000000    
         142   9.5039997      0.10000000    
         143   7.8080001      0.10000000    
         145   7.3130002      0.10000000    
         147   19.334999      0.10000000    
         148   7.8620000      0.10000000    
         149   25.677000      0.10000000    
         150   14.743000      0.10000000    
         151   9.5520000      0.10000000    
         152   13.712000      0.10000000    
         205   32.014000      0.10000000    
         206   18.136000      0.10000000    
         153   29.434999      0.10000000    
         154   12.732000      0.10000000    
          73   8.9499998      0.10000000    
         159   21.579000      0.10000000    
         161   40.910000      0.10000000    
         207   5.2150002      0.10000000    
         208   14.836000      0.10000000    
         209   8.2799997      0.10000000    
         162   9.5550003      0.10000000    
         163   7.7900000      0.10000000    
         164   13.278000      0.10000000    
         165   17.462000      0.10000000    
         166   12.353000      0.10000000    
         167   25.285999      0.10000000    
         168   25.386999      0.10000000    
         169   8.3290005      0.10000000    
         170   13.542000      0.10000000    
         171   9.0920000      0.10000000    
         210   54.144001      0.10000000    
         172   21.385000      0.10000000    
         211   20.087000      0.10000000    
          74   8.4099998      0.10000000    
          75   6.2560000      0.10000000    
          76   7.5100002      0.10000000    
          77   7.1999998      0.10000000    
         173   43.006001      0.10000000    
          78   6.9740000      0.10000000    
          79   8.0340004      0.10000000    
          80   23.455999      0.10000000    
         174   31.860001      0.10000000    
          82   7.3899999      0.10000000    
          84   20.768999      0.10000000    
         212   14.370000      0.10000000    
          86   7.3800001      0.10000000    
          88   9.6510000      0.10000000    
         213   7.9930000      0.10000000    
         175   9.5030003      0.10000000    
         176   9.1269999      0.10000000    
         177   8.1359997      0.10000000    
         178   14.413000      0.10000000    
          89   13.313000      0.10000000    
         179   25.319000      0.10000000    
          90   10.883000      0.10000000    
         181   9.9989996      0.10000000    
         214   6.0349998      0.10000000    
         182   9.3699999      0.10000000    
          91   23.801001      0.10000000    
           4         156
           3   29.107000      0.10000000    
           4   17.193001      0.10000000    
         215   44.895000      0.10000000    
         216   39.049999      0.10000000    
         185   42.785999      0.10000000    
           5   12.371000      0.10000000    
           6   17.261999      0.10000000    
         186   25.920000      0.10000000    
         217   48.077999      0.10000000    
          94   40.933998      0.10000000    
           7   12.103000      0.10000000    
          95   15.641000      0.10000000    
          96   12.951000      0.10000000    
         218   49.181000      0.10000000    
           8   17.417999      0.10000000    
          13   23.495001      0.10000000    
         219   26.219999      0.10000000    
          14   13.941000      0.10000000    
         116   17.631001      0.10000000    
         220   11.616000      0.10000000    
         117   25.865999      0.10000000    
         118   15.087000      0.10000000    
         119   6.7379999      0.10000000    
         120   15.654000      0.10000000    
         221   29.701000      0.10000000    
         121   9.1180000      0.10000000    
         189   14.564000      0.10000000    
         122   9.1339998      0.10000000    
         123   20.323000      0.10000000    
         124   19.309000      0.10000000    
         190   18.497999      0.10000000    
         222   13.004000      0.10000000    
         223   16.955000      0.10000000    
         191   12.199000      0.10000000    
         192   13.456000      0.10000000    
         193   12.410000      0.10000000    
         224   29.903000      0.10000000    
         194   6.5120001      0.10000000    
         225   5.3340001      0.10000000    
         226   6.1360002      0.10000000    
          16   19.686001      0.10000000    
          17   18.003000      0.10000000    
          18   14.823000      0.10000000    
          19   18.667999      0.10000000    
          20   12.151000      0.10000000    
          21   8.5279999      0.10000000    
          22   14.928000      0.10000000    
          23   12.532000      0.10000000    
          24   15.336000      0.10000000    
          25   22.559000      0.10000000    
         126   17.188000      0.10000000    
          26   18.702000      0.10000000    
         127   7.0089998      0.10000000    
         128   12.762000      0.10000000    
         129   10.578000      0.10000000    
         227   22.485001      0.10000000    
         130   6.0370002      0.10000000    
         195   5.3249998      0.10000000    
          27   10.004000      0.10000000    
         196   6.2900000      0.10000000    
         131   11.644000      0.10000000    
          28   13.867000      0.10000000    
          29   14.977000      0.10000000    
         132   13.493000      0.10000000    
          30   7.3169999      0.10000000    
          31   22.672001      0.10000000    
          32   13.586000      0.10000000    
          33   12.006000      0.10000000    
          34   19.086000      0.10000000    
          35   12.956000      0.10000000    
          36   12.419000      0.10000000    
         228   48.098000      0.10000000    
         197   10.576000      0.10000000    
          37   12.705000      0.10000000    
          38   7.2340002      0.10000000    
          42   12.755000      0.10000000    
          43   14.974000      0.10000000    
         229   18.108000      0.10000000    
         198   24.705000      0.10000000    
          44   10.980000      0.10000000    
         200   12.866000      0.10000000    
         230   15.323000      0.10000000    
          47   8.9029999      0.10000000    
         201   8.5410004      0.10000000    
          51   13.975000      0.10000000    
         231   26.004000      0.10000000    
          52   32.146000      0.10000000    
          53   21.287001      0.10000000    
          54   17.236000      0.10000000    
         202   41.195000      0.10000000    
          55   15.046000      0.10000000    
         232   31.129000      0.10000000    
         233   52.049000      0.10000000    
          56   6.7500000      0.10000000    
          57   12.887000      0.10000000    
          58   7.5260000      0.10000000    
         234   42.615002      0.10000000    
         136   7.5749998      0.10000000    
         204   57.471001      0.10000000    
         138   21.813000      0.10000000    
         139   13.038000      0.10000000    
         140   32.652000      0.10000000    
         142   12.933000      0.10000000    
         143   13.658000      0.10000000    
         145   15.914000      0.10000000    
         146   18.572001      0.10000000    
         147   14.690000      0.10000000    
         148   16.827000      0.10000000    
         149   14.748000      0.10000000    
         150   7.0019999      0.10000000    
         151   12.693000      0.10000000    
         152   16.222000      0.10000000    
         205   24.990000      0.10000000    
         235   31.426001      0.10000000    
         206   7.6090002      0.10000000    
         153   22.179001      0.10000000    
         154   4.8270001      0.10000000    
         155   13.183000      0.10000000    
         156   14.449000      0.10000000    
         236   11.409000      0.10000000    
         237   23.457001      0.10000000    
         238   11.426000      0.10000000    
         239   10.603000      0.10000000    
         240   6.1350002      0.10000000    
         241   11.469000      0.10000000    
         242   12.625000      0.10000000    
         243   31.714001      0.10000000    
         157   8.9440002      0.10000000    
         244   6.8160000      0.10000000    
         245   12.982000      0.10000000    
         246   11.153000      0.10000000    
         158   11.697000      0.10000000    
         247   23.913000      0.10000000    
          73   17.077000      0.10000000    
         248   22.271000      0.10000000    
         159   16.058001      0.10000000    
         160   21.375000      0.10000000    
         161   32.963001      0.10000000    
         208   6.7630000      0.10000000    
         163   15.578000      0.10000000    
         249   30.451000      0.10000000    
         167   13.611000      0.10000000    
         168   13.925000      0.10000000    
         169   11.083000      0.10000000    
         170   13.379000      0.10000000    
         171   18.176001      0.10000000    
         210   45.030998      0.10000000    
         172   31.232000      0.10000000    
         211   14.131000      0.10000000    
          77   8.8940001      0.10000000    
         173   34.359001      0.10000000    
          78   13.721000      0.10000000    
         250   43.596001      0.10000000    
          80   14.770000      0.10000000    
         174   22.466000      0.10000000    
          81   30.672001      0.10000000    
           5          66
           1   24.829000      0.10000000    
         251   47.696999      0.10000000    
           2   17.218000      0.10000000    
          92   30.247000      0.10000000    
         215   41.620998      0.10000000    
         184   19.511000      0.10000000    
         216   35.818001      0.10000000    
         252   33.703999      0.10000000    
         185   44.139000      0.10000000    
         186   24.193001      0.10000000    
          94   38.952000      0.10000000    
           7   22.054001      0.10000000    
         218   50.980000      0.10000000    
          97   4.2270002      0.10000000    
          99   27.839001      0.10000000    
         101   26.882000      0.10000000    
         253   48.111000      0.10000000    
         103   17.271000      0.10000000    
         254   40.430000      0.10000000    
         104   30.510000      0.10000000    
         105   23.304001      0.10000000    
         106   12.799000      0.10000000    
         107   17.818001      0.10000000    
         109   23.108000      0.10000000    
         110   13.231000      0.10000000    
         255   40.492001      0.10000000    
         256   14.786000      0.10000000    
         219   14.567000      0.10000000    
         220   13.179000      0.10000000    
         119   26.572001      0.10000000    
         120   14.232000      0.10000000    
         121   16.188999      0.10000000    
         189   10.561000      0.10000000    
         122   19.228001      0.10000000    
         257   32.791000      0.10000000    
         258   51.174000      0.10000000    
         128   23.407000      0.10000000    
         129   13.619000      0.10000000    
         227   4.0120001      0.10000000    
         130   16.757000      0.10000000    
         229   11.981000      0.10000000    
         198   25.579000      0.10000000    
          45   10.003000      0.10000000    
         230   10.326000      0.10000000    
         259   8.6569996      0.10000000    
         201   17.457001      0.10000000    
          66   11.891000      0.10000000    
         133   11.616000      0.10000000    
          71   38.383999      0.10000000    
          72   21.094999      0.10000000    
         134   18.711000      0.10000000    
         260   25.129000      0.10000000    
         137   22.434000      0.10000000    
         203   24.841000      0.10000000    
         138   19.895000      0.10000000    
         140   34.987000      0.10000000    
         142   19.492001      0.10000000    
         144   30.240999      0.10000000    
         145   25.823000      0.10000000    
         146   20.917999      0.10000000    
         147   8.8620005      0.10000000    
         149   31.320999      0.10000000    
         150   25.576000      0.10000000    
         151   18.048000      0.10000000    
         153   14.082000      0.10000000    
         247   10.743000      0.10000000    
           6         120
         261   27.603001      0.10000000    
         262   16.653999      0.10000000    
           1   36.938000      0.10000000    
         251   35.874001      0.10000000    
         263   24.954000      0.10000000    
           2   11.550000      0.10000000    
          92   16.347000      0.10000000    
           3   48.138000      0.10000000    
           4   35.159000      0.10000000    
         184   28.226000      0.10000000    
         216   22.198999      0.10000000    
         252   17.490000      0.10000000    
         185   31.191999      0.10000000    
           5   34.438000      0.10000000    
         217   36.146000      0.10000000    
          94   24.292000      0.10000000    
           7   34.449001      0.10000000    
          95   37.240002      0.10000000    
          96   35.537998      0.10000000    
         218   38.091999      0.10000000    
         264   15.464000      0.10000000    
         112   30.396999      0.10000000    
         265   17.448000      0.10000000    
         266   15.395000      0.10000000    
         113   36.118000      0.10000000    
         267   16.995001      0.10000000    
         114   48.799999      0.10000000    
         268   17.704000      0.10000000    
           9   45.852001      0.10000000    
         269   3.4990001      0.10000000    
         188   48.685001      0.10000000    
         117   45.563000      0.10000000    
         270   21.930000      0.10000000    
         120   16.726999      0.10000000    
         257   19.843000      0.10000000    
         271   23.009001      0.10000000    
         128   35.702999      0.10000000    
         227   15.191000      0.10000000    
          56   35.442001      0.10000000    
          57   32.222000      0.10000000    
         272   18.124001      0.10000000    
         273   19.681000      0.10000000    
         274   15.238000      0.10000000    
          62   46.472000      0.10000000    
          63   47.487999      0.10000000    
          64   46.119999      0.10000000    
         275   25.490999      0.10000000    
         276   28.917999      0.10000000    
         277   13.874000      0.10000000    
         133   23.180000      0.10000000    
         278   47.263000      0.10000000    
          72   29.362000      0.10000000    
         134   8.2150002      0.10000000    
         135   31.924999      0.10000000    
         279   11.680000      0.10000000    
         260   16.465000      0.10000000    
         280   11.982000      0.10000000    
         136   27.146000      0.10000000    
         281   8.4169998      0.10000000    
         137   16.841000      0.10000000    
         203   12.638000      0.10000000    
         204   50.056999      0.10000000    
         138   12.231000      0.10000000    
         282   15.831000      0.10000000    
         283   9.0360003      0.10000000    
         139   36.013000      0.10000000    
         140   49.432999      0.10000000    
         141   13.089000      0.10000000    
         142   31.781000      0.10000000    
         143   35.370998      0.10000000    
         284   14.194000      0.10000000    
         144   15.124000      0.10000000    
         145   38.137001      0.10000000    
         285   49.765999      0.10000000    
         147   19.502001      0.10000000    
         149   30.438000      0.10000000    
         286   26.742001      0.10000000    
         150   31.215000      0.10000000    
         287   12.103000      0.10000000    
         288   41.265999      0.10000000    
         289   26.676001      0.10000000    
         290   15.672000      0.10000000    
         291   57.727001      0.10000000    
         205   8.4370003      0.10000000    
         292   8.0530005      0.10000000    
         293   35.917999      0.10000000    
         294   18.056999      0.10000000    
         295   14.312000      0.10000000    
         235   13.741000      0.10000000    
         296   35.362999      0.10000000    
         297   27.007000      0.10000000    
         153   9.5670004      0.10000000    
         298   26.035999      0.10000000    
         155   22.506001      0.10000000    
         156   35.432999      0.10000000    
         236   20.447001      0.10000000    
         238   20.365999      0.10000000    
         239   24.155001      0.10000000    
         299   25.754999      0.10000000    
         300   25.521999      0.10000000    
         240   27.298000      0.10000000    
         301   12.343000      0.10000000    
         157   34.342999      0.10000000    
         302   7.3610001      0.10000000    
         303   13.457000      0.10000000    
         304   57.570999      0.10000000    
         160   41.567001      0.10000000    
         161   11.401000      0.10000000    
         208   30.170000      0.10000000    
         171   39.604000      0.10000000    
         210   25.162001      0.10000000    
         305   27.774000      0.10000000    
         211   17.718000      0.10000000    
         173   15.500000      0.10000000    
          78   35.431999      0.10000000    
         250   26.125999      0.10000000    
          80   16.214001      0.10000000    
         174   12.482000      0.10000000    
         306   23.268999      0.10000000    
         307   16.549999      0.10000000    
           7         179
         262   11.657000      0.10000000    
         183   38.896000      0.10000000    
           1   33.763000      0.10000000    
         251   29.351999      0.10000000    
           2   5.4730000      0.10000000    
           3   46.160999      0.10000000    
           4   33.062000      0.10000000    
          93   21.541000      0.10000000    
         215   23.063999      0.10000000    
         184   20.837999      0.10000000    
         216   17.298000      0.10000000    
         252   15.075000      0.10000000    
         185   23.375999      0.10000000    
           5   30.173000      0.10000000    
           6   34.286999      0.10000000    
         186   5.7789998      0.10000000    
         217   30.355000      0.10000000    
          94   19.542999      0.10000000    
           7   29.903000      0.10000000    
          95   34.119999      0.10000000    
          96   32.089001      0.10000000    
         218   31.370001      0.10000000    
          97   23.858999      0.10000000    
           8   35.909000      0.10000000    
          98   19.799999      0.10000000    
         269   9.2880001      0.10000000    
         219   9.7910004      0.10000000    
         188   42.088001      0.10000000    
         220   17.354000      0.10000000    
         117   44.562000      0.10000000    
         270   17.018000      0.10000000    
         119   26.514000      0.10000000    
         120   10.663000      0.10000000    
         221   16.809999      0.10000000    
         121   22.132999      0.10000000    
         189   15.374000      0.10000000    
         122   16.952000      0.10000000    
         123   41.755001      0.10000000    
         308   45.646000      0.10000000    
         124   38.008999      0.10000000    
         309   11.795000      0.10000000    
         310   15.255000      0.10000000    
         190   13.564000      0.10000000    
         311   15.293000      0.10000000    
         223   20.181999      0.10000000    
         194   19.349001      0.10000000    
         312   10.029000      0.10000000    
         313   13.615000      0.10000000    
         314   36.539001      0.10000000    
         315   31.572001      0.10000000    
         257   12.344000      0.10000000    
         271   12.774000      0.10000000    
         316   5.8850002      0.10000000    
          21   16.809999      0.10000000    
         317   10.762000      0.10000000    
         318   13.189000      0.10000000    
         129   19.108000      0.10000000    
         227   18.047001      0.10000000    
         319   34.495998      0.10000000    
         132   12.818000      0.10000000    
          34   9.3959999      0.10000000    
         197   17.061001      0.10000000    
         320   12.331000      0.10000000    
         229   11.115000      0.10000000    
         321   5.2170000      0.10000000    
         199   8.7530003      0.10000000    
          45   11.214000      0.10000000    
         230   15.335000      0.10000000    
          46   38.464001      0.10000000    
         322   15.424000      0.10000000    
         259   13.615000      0.10000000    
         201   23.841999      0.10000000    
          50   31.964001      0.10000000    
         231   5.8070002      0.10000000    
          52   12.364000      0.10000000    
         323   9.6499996      0.10000000    
         202   26.816000      0.10000000    
         232   47.313999      0.10000000    
         324   33.598999      0.10000000    
         233   34.507000      0.10000000    
         325   32.721001      0.10000000    
          57   28.669001      0.10000000    
          58   24.143000      0.10000000    
         272   5.5689998      0.10000000    
         273   14.742000      0.10000000    
         326   15.782000      0.10000000    
         274   9.4110003      0.10000000    
          63   46.828999      0.10000000    
         327   29.110001      0.10000000    
         277   8.2760000      0.10000000    
         133   19.514000      0.10000000    
         278   39.657001      0.10000000    
          71   48.161999      0.10000000    
         328   32.801998      0.10000000    
         134   8.9329996      0.10000000    
         329   31.812000      0.10000000    
         135   26.802999      0.10000000    
         279   5.8959999      0.10000000    
         260   6.2480001      0.10000000    
         280   8.9670000      0.10000000    
         330   33.874001      0.10000000    
         331   13.690000      0.10000000    
         136   18.287001      0.10000000    
         281   5.0830002      0.10000000    
         137   5.7620001      0.10000000    
         203   6.0619998      0.10000000    
         204   41.960999      0.10000000    
         138   5.0619998      0.10000000    
         282   8.9790001      0.10000000    
         283   7.4039998      0.10000000    
         139   32.955002      0.10000000    
         140   48.133999      0.10000000    
         141   4.0250001      0.10000000    
         332   10.324000      0.10000000    
         284   11.986000      0.10000000    
         144   12.148000      0.10000000    
         145   34.952000      0.10000000    
         146   4.5500002      0.10000000    
         147   17.931999      0.10000000    
         149   17.881001      0.10000000    
         150   22.216999      0.10000000    
         287   10.656000      0.10000000    
         333   10.465000      0.10000000    
         288   36.250999      0.10000000    
         334   5.1240001      0.10000000    
         290   11.567000      0.10000000    
         205   11.097000      0.10000000    
         292   11.126000      0.10000000    
         293   29.358999      0.10000000    
         294   11.704000      0.10000000    
         295   9.3459997      0.10000000    
         235   8.9359999      0.10000000    
         335   14.340000      0.10000000    
         296   29.094999      0.10000000    
         297   19.775999      0.10000000    
         153   10.939000      0.10000000    
         298   15.366000      0.10000000    
         155   10.449000      0.10000000    
         336   22.027000      0.10000000    
         156   32.683998      0.10000000    
         236   11.041000      0.10000000    
         237   11.080000      0.10000000    
         238   11.019000      0.10000000    
         299   22.254000      0.10000000    
         300   26.620001      0.10000000    
         337   17.987000      0.10000000    
         338   15.225000      0.10000000    
         339   16.910999      0.10000000    
         340   24.615999      0.10000000    
         341   22.950001      0.10000000    
         342   17.434000      0.10000000    
         343   56.759998      0.10000000    
         241   15.029000      0.10000000    
         157   29.230000      0.10000000    
         344   48.984001      0.10000000    
         303   10.383000      0.10000000    
         345   10.140000      0.10000000    
         346   9.4910002      0.10000000    
         248   9.7390003      0.10000000    
         159   17.042999      0.10000000    
         347   5.5749998      0.10000000    
         160   39.320999      0.10000000    
         348   22.320999      0.10000000    
         162   37.036999      0.10000000    
         167   13.822000      0.10000000    
         168   14.118000      0.10000000    
         171   36.021000      0.10000000    
         210   22.525000      0.10000000    
         172   50.881001      0.10000000    
         305   23.045000      0.10000000    
         211   15.466000      0.10000000    
         173   11.747000      0.10000000    
         250   21.959000      0.10000000    
          80   9.5550003      0.10000000    
         174   4.7800002      0.10000000    
          81   51.564999      0.10000000    
         306   19.215000      0.10000000    
         212   19.448000      0.10000000    
         349   18.582001      0.10000000    
           8         161
         261   8.4860001      0.10000000    
         262   11.555000      0.10000000    
         183   53.862999      0.10000000    
         251   11.069000      0.10000000    
         350   29.745001      0.10000000    
           2   22.917999      0.10000000    
          93   7.9299998      0.10000000    
         215   10.296000      0.10000000    
         216   8.2740002      0.10000000    
         252   10.825000      0.10000000    
         217   11.541000      0.10000000    
          94   7.6350002      0.10000000    
         218   12.078000      0.10000000    
          98   38.846001      0.10000000    
         187   15.562000      0.10000000    
          99   12.459000      0.10000000    
         351   28.347000      0.10000000    
         100   49.577999      0.10000000    
         101   14.127000      0.10000000    
         253   9.0469999      0.10000000    
         254   6.0390000      0.10000000    
         104   11.876000      0.10000000    
         107   22.735001      0.10000000    
         109   17.285999      0.10000000    
         352   12.897000      0.10000000    
         110   27.954000      0.10000000    
         255   3.3550000      0.10000000    
         256   28.275000      0.10000000    
         353   6.7620001      0.10000000    
         354   7.2309999      0.10000000    
         355   7.4299998      0.10000000    
         356   14.833000      0.10000000    
         264   21.759001      0.10000000    
         112   46.223999      0.10000000    
         265   10.982000      0.10000000    
         266   11.669000      0.10000000    
         113   48.762001      0.10000000    
         267   10.035000      0.10000000    
         268   13.913000      0.10000000    
         115   18.507999      0.10000000    
         219   25.539000      0.10000000    
         270   8.5260000      0.10000000    
         120   30.556000      0.10000000    
         221   12.937000      0.10000000    
         309   15.237000      0.10000000    
         310   11.439000      0.10000000    
         190   32.516998      0.10000000    
         311   10.179000      0.10000000    
         357   7.8579998      0.10000000    
         358   13.767000      0.10000000    
         191   27.316999      0.10000000    
         359   32.120998      0.10000000    
         313   11.096000      0.10000000    
         315   12.801000      0.10000000    
         271   8.9289999      0.10000000    
         360   14.044000      0.10000000    
         361   19.240000      0.10000000    
         316   17.033001      0.10000000    
         362   26.283001      0.10000000    
         317   11.302000      0.10000000    
         258   13.156000      0.10000000    
         318   11.267000      0.10000000    
         363   42.662998      0.10000000    
         319   18.309999      0.10000000    
          34   28.846001      0.10000000    
         364   6.7820001      0.10000000    
         320   12.439000      0.10000000    
         198   14.939000      0.10000000    
         199   27.264999      0.10000000    
         322   6.2880001      0.10000000    
         259   31.416000      0.10000000    
         365   6.7700000      0.10000000    
         366   35.724998      0.10000000    
         231   16.490000      0.10000000    
          52   22.077000      0.10000000    
         323   13.951000      0.10000000    
         367   10.333000      0.10000000    
         202   10.164000      0.10000000    
         273   9.3570004      0.10000000    
         326   10.504000      0.10000000    
         274   14.728000      0.10000000    
          64   58.514999      0.10000000    
          65   59.460999      0.10000000    
         368   7.7080002      0.10000000    
         327   9.6379995      0.10000000    
         275   7.9699998      0.10000000    
         277   13.867000      0.10000000    
         278   21.017000      0.10000000    
         328   12.702000      0.10000000    
         134   22.347000      0.10000000    
         329   11.688000      0.10000000    
         260   17.201000      0.10000000    
         330   16.218000      0.10000000    
         331   10.768000      0.10000000    
         136   33.316002      0.10000000    
         137   18.750999      0.10000000    
         203   16.632999      0.10000000    
         204   23.341999      0.10000000    
         138   21.233999      0.10000000    
         282   15.885000      0.10000000    
         283   18.162001      0.10000000    
         139   50.474998      0.10000000    
         141   20.642000      0.10000000    
         284   13.017000      0.10000000    
         144   12.890000      0.10000000    
         285   23.709000      0.10000000    
         146   21.514999      0.10000000    
         147   37.834000      0.10000000    
         149   27.260000      0.10000000    
         286   6.4920001      0.10000000    
         150   36.230000      0.10000000    
         333   13.458000      0.10000000    
         288   16.415001      0.10000000    
         334   16.733000      0.10000000    
         289   7.3990002      0.10000000    
         290   11.964000      0.10000000    
         369   9.5419998      0.10000000    
         291   32.525002      0.10000000    
         205   27.768000      0.10000000    
         292   27.799999      0.10000000    
         293   9.7049999      0.10000000    
         294   10.622000      0.10000000    
         295   14.338000      0.10000000    
         235   14.296000      0.10000000    
         370   14.991000      0.10000000    
         335   11.525000      0.10000000    
         296   9.7939997      0.10000000    
         297   4.1529999      0.10000000    
         153   28.416000      0.10000000    
         371   15.064000      0.10000000    
         298   6.4480000      0.10000000    
         155   26.533001      0.10000000    
         336   7.5520000      0.10000000    
         156   49.612999      0.10000000    
         236   28.292000      0.10000000    
         237   15.044000      0.10000000    
         238   28.386000      0.10000000    
         299   7.9510002      0.10000000    
         300   15.895000      0.10000000    
         240   36.255001      0.10000000    
         337   4.0149999      0.10000000    
         338   10.089000      0.10000000    
         339   8.4429998      0.10000000    
         372   9.1840000      0.10000000    
         340   7.3340001      0.10000000    
         373   6.3010001      0.10000000    
         374   26.163000      0.10000000    
         375   11.357000      0.10000000    
         248   17.259001      0.10000000    
         304   31.608999      0.10000000    
         347   14.444000      0.10000000    
         376   35.173000      0.10000000    
         161   16.422001      0.10000000    
         348   8.6389999      0.10000000    
         210   8.8760004      0.10000000    
         305   8.3500004      0.10000000    
         211   35.873001      0.10000000    
         173   11.546000      0.10000000    
         250   8.1180000      0.10000000    
         174   20.087000      0.10000000    
         306   7.4439998      0.10000000    
           9          97
         251   3.2409999      0.10000000    
         263   11.283000      0.10000000    
           2   34.358002      0.10000000    
          92   20.566999      0.10000000    
         215   11.709000      0.10000000    
         216   15.243000      0.10000000    
         185   7.4860001      0.10000000    
         217   4.4549999      0.10000000    
          94   13.298000      0.10000000    
         377   13.553000      0.10000000    
         218   3.8120000      0.10000000    
          97   51.891998      0.10000000    
         187   27.900999      0.10000000    
          99   23.747000      0.10000000    
         351   19.995001      0.10000000    
         101   24.888000      0.10000000    
         253   4.4530001      0.10000000    
         378   2.7030001      0.10000000    
         254   10.075000      0.10000000    
         104   20.993000      0.10000000    
         109   28.980000      0.10000000    
         352   4.6380000      0.10000000    
         255   9.9910002      0.10000000    
         353   10.310000      0.10000000    
         354   8.0719995      0.10000000    
         355   8.0699997      0.10000000    
         356   5.7979999      0.10000000    
         267   20.160000      0.10000000    
         268   21.604000      0.10000000    
         115   27.833000      0.10000000    
         379   11.700000      0.10000000    
         310   18.301001      0.10000000    
         311   17.395000      0.10000000    
         357   12.469000      0.10000000    
         358   5.0720000      0.10000000    
         360   4.4089999      0.10000000    
         361   9.8590002      0.10000000    
         362   18.652000      0.10000000    
         258   6.5089998      0.10000000    
         363   32.426998      0.10000000    
         319   11.062000      0.10000000    
          34   40.234001      0.10000000    
         364   8.4610004      0.10000000    
         228   10.146000      0.10000000    
         320   21.170000      0.10000000    
         199   38.601002      0.10000000    
         380   4.0149999      0.10000000    
         366   27.590000      0.10000000    
         323   23.355000      0.10000000    
         202   12.319000      0.10000000    
         273   17.480000      0.10000000    
          63   69.751999      0.10000000    
         368   10.439000      0.10000000    
         381   3.6340001      0.10000000    
         327   4.1710000      0.10000000    
         275   12.759000      0.10000000    
         328   3.7119999      0.10000000    
         329   2.5990000      0.10000000    
         330   11.420000      0.10000000    
         204   14.396000      0.10000000    
         284   21.816000      0.10000000    
         144   22.027000      0.10000000    
         285   13.468000      0.10000000    
         149   37.980999      0.10000000    
         286   12.109000      0.10000000    
         288   4.2930002      0.10000000    
         289   11.223000      0.10000000    
         369   2.6989999      0.10000000    
         291   22.201000      0.10000000    
         205   37.502998      0.10000000    
         293   1.4280000      0.10000000    
         294   21.080000      0.10000000    
         235   24.076000      0.10000000    
         370   4.4010000      0.10000000    
         296   4.0929999      0.10000000    
         297   11.856000      0.10000000    
         153   37.518002      0.10000000    
         371   2.9530001      0.10000000    
         298   16.697001      0.10000000    
         336   10.752000      0.10000000    
         236   39.897999      0.10000000    
         299   11.260000      0.10000000    
         300   17.440001      0.10000000    
         373   8.5299997      0.10000000    
         374   18.664000      0.10000000    
         247   38.830002      0.10000000    
         304   22.110001      0.10000000    
         382   28.486000      0.10000000    
         348   11.409000      0.10000000    
         305   10.274000      0.10000000    
         250   10.139000      0.10000000    
         306   13.608000      0.10000000    
         383   3.0160000      0.10000000    
         384   3.9159999      0.10000000    
         385   28.954000      0.10000000    
          91   36.757999      0.10000000    
         386   25.073000      0.10000000    
          10          26
         261   10.435000      0.10000000    
          93   23.070999      0.10000000    
         215   9.9150000      0.10000000    
         216   16.421000      0.10000000    
         185   16.344999      0.10000000    
         217   12.517000      0.10000000    
          94   14.090000      0.10000000    
         377   14.355000      0.10000000    
         218   13.215000      0.10000000    
          97   52.681999      0.10000000    
         187   32.136002      0.10000000    
         351   28.575001      0.10000000    
         101   24.569000      0.10000000    
         253   12.147000      0.10000000    
         378   11.879000      0.10000000    
         254   14.283000      0.10000000    
         104   21.997000      0.10000000    
         106   45.566002      0.10000000    
         107   36.631001      0.10000000    
         109   33.028999      0.10000000    
         352   14.526000      0.10000000    
         110   37.834000      0.10000000    
         255   15.258000      0.10000000    
         353   12.100000      0.10000000    
         354   16.148001      0.10000000    
         173   21.510000      0.10000000    
          11          41
         261   23.537001      0.10000000    
          93   22.023001      0.10000000    
         215   25.014000      0.10000000    
         216   28.624001      0.10000000    
         252   32.466000      0.10000000    
         185   19.243000      0.10000000    
         217   14.773000      0.10000000    
          94   26.907000      0.10000000    
         218   11.937000      0.10000000    
         351   6.7449999      0.10000000    
         253   16.288000      0.10000000    
         378   11.849000      0.10000000    
         254   23.459999      0.10000000    
         109   40.533001      0.10000000    
         352   12.676000      0.10000000    
         255   23.285999      0.10000000    
         354   18.513000      0.10000000    
         355   20.802000      0.10000000    
         120   51.465000      0.10000000    
         379   24.927000      0.10000000    
         310   33.058998      0.10000000    
         311   30.985001      0.10000000    
         357   25.940001      0.10000000    
         358   10.571000      0.10000000    
         359   10.477000      0.10000000    
         315   13.597000      0.10000000    
         360   12.837000      0.10000000    
         361   7.7779999      0.10000000    
         362   7.2179999      0.10000000    
         258   10.690000      0.10000000    
         319   19.159000      0.10000000    
         228   20.843000      0.10000000    
         199   48.963001      0.10000000    
         380   9.8620005      0.10000000    
         366   14.376000      0.10000000    
         241   48.873001      0.10000000    
         242   46.675999      0.10000000    
         375   32.618999      0.10000000    
         210   25.055000      0.10000000    
         173   35.009998      0.10000000    
         250   24.195000      0.10000000    
          12         130
         261   21.482000      0.10000000    
         262   12.291000      0.10000000    
         263   18.563000      0.10000000    
          98   29.399000      0.10000000    
         187   16.062000      0.10000000    
         351   49.025002      0.10000000    
         253   27.604000      0.10000000    
         102   40.535999      0.10000000    
         103   32.527000      0.10000000    
         254   20.566000      0.10000000    
         104   9.5769997      0.10000000    
         105   27.037001      0.10000000    
         106   22.122000      0.10000000    
         107   14.770000      0.10000000    
         109   14.729000      0.10000000    
         110   13.024000      0.10000000    
         255   20.452999      0.10000000    
         256   18.187000      0.10000000    
         111   44.499001      0.10000000    
         353   20.202000      0.10000000    
         354   26.049999      0.10000000    
         355   23.113001      0.10000000    
         356   31.855000      0.10000000    
         264   15.296000      0.10000000    
         112   36.286999      0.10000000    
         265   12.586000      0.10000000    
         266   10.521000      0.10000000    
         113   40.373001      0.10000000    
         267   12.164000      0.10000000    
         114   52.429001      0.10000000    
         268   12.118000      0.10000000    
         115   4.1980000      0.10000000    
           9   50.383999      0.10000000    
         269   5.7750001      0.10000000    
         219   9.3479996      0.10000000    
         117   51.015999      0.10000000    
         270   14.829000      0.10000000    
         120   20.469000      0.10000000    
         379   23.087999      0.10000000    
         309   7.7449999      0.10000000    
         310   11.667000      0.10000000    
         190   19.813999      0.10000000    
         311   13.170000      0.10000000    
         357   18.018999      0.10000000    
         312   6.7820001      0.10000000    
         313   11.436000      0.10000000    
         314   49.155998      0.10000000    
         387   48.481998      0.10000000    
         388   30.164000      0.10000000    
         257   14.957000      0.10000000    
         316   13.476000      0.10000000    
         258   33.162998      0.10000000    
         318   10.122000      0.10000000    
         319   29.725000      0.10000000    
         228   25.357000      0.10000000    
         320   11.446000      0.10000000    
         198   14.005000      0.10000000    
         199   16.579000      0.10000000    
         365   23.594999      0.10000000    
         366   53.986000      0.10000000    
         231   12.461000      0.10000000    
          52   3.8210001      0.10000000    
         323   12.198000      0.10000000    
         389   32.280998      0.10000000    
         202   32.043999      0.10000000    
         232   53.441002      0.10000000    
         324   33.068001      0.10000000    
         325   32.076000      0.10000000    
         272   16.680000      0.10000000    
         273   12.045000      0.10000000    
         326   14.111000      0.10000000    
         274   11.574000      0.10000000    
          63   52.783001      0.10000000    
          64   50.312000      0.10000000    
          65   51.007999      0.10000000    
         381   32.661999      0.10000000    
         327   27.738001      0.10000000    
         275   19.941000      0.10000000    
         276   22.250000      0.10000000    
         277   9.3459997      0.10000000    
          71   56.394001      0.10000000    
         134   9.4899998      0.10000000    
         329   29.867001      0.10000000    
         135   36.924000      0.10000000    
         279   14.487000      0.10000000    
         260   15.394000      0.10000000    
         137   15.522000      0.10000000    
         204   42.988998      0.10000000    
         140   54.907001      0.10000000    
         141   13.361000      0.10000000    
         142   36.856998      0.10000000    
         284   9.0419998      0.10000000    
         144   8.6859999      0.10000000    
         145   42.719002      0.10000000    
         285   43.801998      0.10000000    
         146   16.990999      0.10000000    
         147   25.091999      0.10000000    
         149   30.535000      0.10000000    
         286   20.677000      0.10000000    
         287   6.9050002      0.10000000    
         333   10.058000      0.10000000    
         288   33.521999      0.10000000    
         334   12.226000      0.10000000    
         289   21.035999      0.10000000    
         290   9.3310003      0.10000000    
         291   51.289001      0.10000000    
         205   12.325000      0.10000000    
         292   12.398000      0.10000000    
         293   28.747999      0.10000000    
         294   13.575000      0.10000000    
         295   10.343000      0.10000000    
         370   34.230999      0.10000000    
         375   12.690000      0.10000000    
         244   35.084999      0.10000000    
         345   7.7370000      0.10000000    
         245   25.184999      0.10000000    
         347   14.923000      0.10000000    
         382   55.525002      0.10000000    
         167   25.745001      0.10000000    
         168   26.194000      0.10000000    
         171   44.384998      0.10000000    
         210   18.849001      0.10000000    
         305   21.177000      0.10000000    
         211   23.055000      0.10000000    
         173   9.8179998      0.10000000    
         250   19.976999      0.10000000    
          80   20.215000      0.10000000    
         174   12.888000      0.10000000    
         306   16.499001      0.10000000    
         307   12.310000      0.10000000    
          13           3
         262   8.9139996      0.10000000    
          92   10.549000      0.10000000    
         216   12.337000      0.10000000    
          14         128
           2   10.804000      0.10000000    
           4   23.087000      0.10000000    
         185   33.143002      0.10000000    
          96   20.646000      0.10000000    
         103   12.725000      0.10000000    
         104   23.910999      0.10000000    
         105   4.8390002      0.10000000    
         106   7.0250001      0.10000000    
         107   10.418000      0.10000000    
         108   17.490000      0.10000000    
         109   12.490000      0.10000000    
         256   4.9190001      0.10000000    
         111   24.778999      0.10000000    
         355   33.970001      0.10000000    
         264   8.4379997      0.10000000    
         112   17.018999      0.10000000    
         266   22.169001      0.10000000    
         113   21.143999      0.10000000    
         267   23.139000      0.10000000    
         114   30.509001      0.10000000    
         268   22.457001      0.10000000    
         115   20.163000      0.10000000    
           9   31.546000      0.10000000    
         269   19.256001      0.10000000    
          13   32.320000      0.10000000    
         219   15.672000      0.10000000    
         188   30.187000      0.10000000    
         220   9.6230001      0.10000000    
         118   21.450001      0.10000000    
         270   27.851000      0.10000000    
         119   14.289000      0.10000000    
         120   6.8569999      0.10000000    
         221   21.523001      0.10000000    
         121   11.626000      0.10000000    
         189   9.4340000      0.10000000    
         122   6.9039998      0.10000000    
         123   29.705000      0.10000000    
         379   39.021000      0.10000000    
         309   22.458000      0.10000000    
         310   27.299999      0.10000000    
         190   11.502000      0.10000000    
         222   6.5370002      0.10000000    
         311   26.777000      0.10000000    
         357   31.388000      0.10000000    
         223   14.364000      0.10000000    
         191   8.7379999      0.10000000    
         192   22.771000      0.10000000    
         193   11.964000      0.10000000    
         194   8.6000004      0.10000000    
         313   24.982000      0.10000000    
         387   24.593000      0.10000000    
         225   8.8039999      0.10000000    
         271   21.277000      0.10000000    
         125   16.087000      0.10000000    
         226   8.3400002      0.10000000    
          16   26.840000      0.10000000    
          19   29.047001      0.10000000    
         316   14.667000      0.10000000    
          21   7.3740001      0.10000000    
          22   22.021999      0.10000000    
          23   19.771000      0.10000000    
          25   31.974001      0.10000000    
         126   20.795000      0.10000000    
         258   40.384998      0.10000000    
         127   14.740000      0.10000000    
         129   10.519000      0.10000000    
         227   16.257999      0.10000000    
         130   9.3360004      0.10000000    
         195   11.219000      0.10000000    
          27   17.820000      0.10000000    
         196   8.2580004      0.10000000    
         131   13.240000      0.10000000    
          29   21.740999      0.10000000    
         132   6.5400000      0.10000000    
          30   13.010000      0.10000000    
          35   24.048000      0.10000000    
          36   22.924000      0.10000000    
         228   39.362000      0.10000000    
         197   7.6999998      0.10000000    
          37   23.249001      0.10000000    
          38   15.738000      0.10000000    
          41   10.841000      0.10000000    
          43   21.386000      0.10000000    
         229   8.7659998      0.10000000    
         198   14.391000      0.10000000    
         321   11.328000      0.10000000    
          44   18.270000      0.10000000    
         199   9.6840000      0.10000000    
         200   20.233999      0.10000000    
         230   10.035000      0.10000000    
          47   13.278000      0.10000000    
         259   13.669000      0.10000000    
         201   12.337000      0.10000000    
          50   21.761999      0.10000000    
          51   20.705999      0.10000000    
         231   15.298000      0.10000000    
          52   22.271999      0.10000000    
         323   19.665001      0.10000000    
          53   29.087000      0.10000000    
         367   19.445000      0.10000000    
         136   7.7859998      0.10000000    
         206   7.8109999      0.10000000    
         335   24.552999      0.10000000    
         296   38.354000      0.10000000    
         297   29.612000      0.10000000    
         153   13.127000      0.10000000    
         154   10.861000      0.10000000    
         371   43.618999      0.10000000    
         155   5.8559999      0.10000000    
         390   12.964000      0.10000000    
         336   34.097000      0.10000000    
         156   20.854000      0.10000000    
         236   1.3540000      0.10000000    
         237   14.651000      0.10000000    
         238   2.3590000      0.10000000    
         239   4.9879999      0.10000000    
         299   32.701000      0.10000000    
         240   8.1980000      0.10000000    
         159   11.095000      0.10000000    
         207   23.788000      0.10000000    
         208   10.572000      0.10000000    
         173   23.329000      0.10000000    
          78   20.593000      0.10000000    
         250   34.018002      0.10000000    
          80   5.3460002      0.10000000    
         174   11.802000      0.10000000    
          81   41.859001      0.10000000    
         212   8.8999996      0.10000000    
          15          14
           1   9.9549999      0.10000000    
           4   8.6619997      0.10000000    
         184   9.4969997      0.10000000    
           5   6.4860001      0.10000000    
           6   8.9090004      0.10000000    
          95   11.057000      0.10000000    
          96   7.6420002      0.10000000    
          97   12.447000      0.10000000    
           8   10.673000      0.10000000    
          98   6.5029998      0.10000000    
         100   8.9560003      0.10000000    
         102   8.3290005      0.10000000    
         103   7.8909998      0.10000000    
         106   13.223000      0.10000000    
          16          21
         153   34.349998      0.10000000    
         156   7.2540002      0.10000000    
         243   17.146000      0.10000000    
         344   16.469999      0.10000000    
         160   5.4970002      0.10000000    
         207   8.6099997      0.10000000    
         162   3.4189999      0.10000000    
         249   16.521999      0.10000000    
         167   33.724998      0.10000000    
         171   4.9740000      0.10000000    
          83   11.968000      0.10000000    
          84   11.891000      0.10000000    
         213   5.5679998      0.10000000    
         175   8.5590000      0.10000000    
         176   8.2060003      0.10000000    
          89   8.0380001      0.10000000    
          90   4.3330002      0.10000000    
         180   4.4050002      0.10000000    
         181   17.546000      0.10000000    
         214   9.1230001      0.10000000    
         182   8.5209999      0.10000000    
          17          35
         247   24.542000      0.10000000    
          73   6.9320002      0.10000000    
         160   12.227000      0.10000000    
         207   9.4890003      0.10000000    
         208   14.119000      0.10000000    
         209   9.1239996      0.10000000    
         162   9.5450001      0.10000000    
         163   5.5760002      0.10000000    
         164   10.339000      0.10000000    
         249   24.504999      0.10000000    
         165   23.341000      0.10000000    
         166   8.5710001      0.10000000    
         167   23.577000      0.10000000    
         168   24.208000      0.10000000    
         169   4.3759999      0.10000000    
         170   18.443001      0.10000000    
         171   8.4139996      0.10000000    
         210   50.581001      0.10000000    
         172   25.532000      0.10000000    
         211   14.638000      0.10000000    
          74   10.966000      0.10000000    
          75   5.6469998      0.10000000    
          76   6.8590002      0.10000000    
          77   4.0149999      0.10000000    
         173   39.952000      0.10000000    
          78   5.0520000      0.10000000    
          79   7.7049999      0.10000000    
          80   19.261999      0.10000000    
         174   28.216000      0.10000000    
          82   5.2249999      0.10000000    
          83   21.620001      0.10000000    
          85   12.047000      0.10000000    
          86   6.3109999      0.10000000    
          88   9.1590004      0.10000000    
         349   10.405000      0.10000000    
          18          38
         247   28.209999      0.10000000    
          73   3.7149999      0.10000000    
         160   8.8879995      0.10000000    
         161   41.650002      0.10000000    
         207   9.7299995      0.10000000    
         208   19.250999      0.10000000    
         209   7.9850001      0.10000000    
         163   3.4770000      0.10000000    
         164   6.2119999      0.10000000    
         249   21.275000      0.10000000    
         165   20.115000      0.10000000    
         166   12.641000      0.10000000    
         168   28.950001      0.10000000    
         169   7.1350002      0.10000000    
         170   21.576000      0.10000000    
         171   4.8940001      0.10000000    
          74   8.6029997      0.10000000    
          75   5.1490002      0.10000000    
          76   4.8099999      0.10000000    
          78   4.5510001      0.10000000    
          79   4.5520000      0.10000000    
          80   24.322001      0.10000000    
         174   33.613998      0.10000000    
          82   3.4159999      0.10000000    
          83   16.625000      0.10000000    
          84   16.896999      0.10000000    
          85   17.230000      0.10000000    
         212   18.230000      0.10000000    
          86   2.6489999      0.10000000    
         349   15.134000      0.10000000    
         213   3.9960001      0.10000000    
         175   4.0669999      0.10000000    
         176   3.5569999      0.10000000    
         177   4.8829999      0.10000000    
          89   13.223000      0.10000000    
          90   5.2529998      0.10000000    
         180   5.3039999      0.10000000    
          91   26.358000      0.10000000    
          19           3
          83   9.0100002      0.10000000    
          84   9.2709999      0.10000000    
          88   4.1950002      0.10000000    
          20          10
         213   12.872000      0.10000000    
         176   14.495000      0.10000000    
         177   10.153000      0.10000000    
         178   19.802999      0.10000000    
          89   12.243000      0.10000000    
         179   37.111000      0.10000000    
          90   9.2530003      0.10000000    
         180   9.5260000      0.10000000    
         181   27.282000      0.10000000    
         182   14.925000      0.10000000    
          21          86
           1   9.8210001      0.10000000    
         263   45.206001      0.10000000    
           2   24.153000      0.10000000    
           4   8.6610003      0.10000000    
         215   47.873001      0.10000000    
         184   9.0389996      0.10000000    
           5   5.8800001      0.10000000    
           6   8.3140001      0.10000000    
         186   28.854000      0.10000000    
          94   44.202000      0.10000000    
          95   10.602000      0.10000000    
          96   7.3820000      0.10000000    
         377   45.374001      0.10000000    
           8   10.744000      0.10000000    
          98   6.9210000      0.10000000    
         100   9.5950003      0.10000000    
         188   20.207001      0.10000000    
         191   21.520000      0.10000000    
         313   40.041000      0.10000000    
         314   22.504999      0.10000000    
         387   22.389000      0.10000000    
         388   9.4589996      0.10000000    
          16   11.902000      0.10000000    
          17   11.989000      0.10000000    
          18   8.6809998      0.10000000    
          19   18.566999      0.10000000    
          22   8.6650000      0.10000000    
          25   19.249001      0.10000000    
         128   7.5850000      0.10000000    
         227   17.150999      0.10000000    
         391   36.273998      0.10000000    
         130   6.2909999      0.10000000    
          29   7.7049999      0.10000000    
          34   18.903000      0.10000000    
         228   51.297001      0.10000000    
          41   12.577000      0.10000000    
          42   6.5869999      0.10000000    
          43   8.3219995      0.10000000    
         200   7.6760001      0.10000000    
          45   18.680000      0.10000000    
         230   12.453000      0.10000000    
          46   14.842000      0.10000000    
         322   39.179001      0.10000000    
          49   10.481000      0.10000000    
         201   6.0149999      0.10000000    
          53   12.994000      0.10000000    
         202   49.029999      0.10000000    
         232   21.708000      0.10000000    
         272   27.299000      0.10000000    
          59   9.2770004      0.10000000    
          63   22.315001      0.10000000    
          65   21.011999      0.10000000    
          71   24.500000      0.10000000    
          72   9.1129999      0.10000000    
         134   26.975000      0.10000000    
         392   12.246000      0.10000000    
         330   56.803001      0.10000000    
         331   37.402000      0.10000000    
         240   10.536000      0.10000000    
         337   42.750999      0.10000000    
         342   35.855000      0.10000000    
         241   18.195999      0.10000000    
         243   29.028000      0.10000000    
         301   35.409000      0.10000000    
         244   4.7709999      0.10000000    
         245   10.042000      0.10000000    
         246   7.4970002      0.10000000    
         158   15.297000      0.10000000    
         247   21.389000      0.10000000    
         248   27.888000      0.10000000    
         161   34.876999      0.10000000    
         207   13.339000      0.10000000    
         167   22.099001      0.10000000    
         168   22.153999      0.10000000    
         211   10.836000      0.10000000    
         174   25.811001      0.10000000    
          84   23.941000      0.10000000    
         307   37.222000      0.10000000    
          88   12.714000      0.10000000    
         349   8.2869997      0.10000000    
         213   9.0190001      0.10000000    
         177   13.173000      0.10000000    
          89   20.712999      0.10000000    
         179   17.787001      0.10000000    
          90   12.553000      0.10000000    
         180   12.304000      0.10000000    
          22          83
         261   16.969000      0.10000000    
         251   10.213000      0.10000000    
         263   16.506001      0.10000000    
           2   35.653000      0.10000000    
          92   25.226999      0.10000000    
           3   68.996002      0.10000000    
          93   10.371000      0.10000000    
         215   19.273001      0.10000000    
         184   45.938000      0.10000000    
         216   21.070000      0.10000000    
         252   24.006001      0.10000000    
         185   10.868000      0.10000000    
         217   10.188000      0.10000000    
          94   19.002001      0.10000000    
          97   54.132000      0.10000000    
         187   27.004999      0.10000000    
          99   25.256001      0.10000000    
         351   15.188000      0.10000000    
         100   58.994999      0.10000000    
         101   28.177000      0.10000000    
         253   10.337000      0.10000000    
         221   17.476000      0.10000000    
         309   28.091000      0.10000000    
         357   18.974001      0.10000000    
         194   45.013000      0.10000000    
         313   24.641001      0.10000000    
         388   45.459000      0.10000000    
         315   10.932000      0.10000000    
         258   5.8990002      0.10000000    
         227   50.250999      0.10000000    
         391   27.274000      0.10000000    
         319   18.476999      0.10000000    
         228   17.437000      0.10000000    
         198   27.197001      0.10000000    
          50   58.466000      0.10000000    
         366   23.569000      0.10000000    
          52   34.698002      0.10000000    
         202   5.4299998      0.10000000    
         324   10.685000      0.10000000    
          56   49.816002      0.10000000    
         234   15.365000      0.10000000    
         272   28.198999      0.10000000    
         381   9.2690001      0.10000000    
         327   9.9960003      0.10000000    
         278   8.2340002      0.10000000    
         328   13.100000      0.10000000    
          72   48.513000      0.10000000    
         329   11.472000      0.10000000    
         331   23.101999      0.10000000    
         337   14.581000      0.10000000    
         338   22.716999      0.10000000    
         339   21.625999      0.10000000    
         372   19.169001      0.10000000    
         340   13.737000      0.10000000    
         393   11.894000      0.10000000    
         394   26.362000      0.10000000    
         343   27.652000      0.10000000    
         373   14.062000      0.10000000    
         242   34.729000      0.10000000    
         374   13.469000      0.10000000    
         375   23.913000      0.10000000    
         244   52.771000      0.10000000    
         245   46.141998      0.10000000    
         246   54.297001      0.10000000    
         158   38.396999      0.10000000    
         346   23.931999      0.10000000    
         247   40.389000      0.10000000    
         248   25.988001      0.10000000    
         304   18.770000      0.10000000    
         347   26.441999      0.10000000    
         161   30.877001      0.10000000    
         167   32.999001      0.10000000    
         168   33.354000      0.10000000    
         210   18.490999      0.10000000    
         305   16.563999      0.10000000    
         250   18.312000      0.10000000    
         306   19.268999      0.10000000    
          84   70.441002      0.10000000    
         383   10.216000      0.10000000    
         307   23.322001      0.10000000    
         176   58.657001      0.10000000    
         384   9.4449997      0.10000000    
         179   37.387001      0.10000000    
          23          54
         251   15.563000      0.10000000    
         263   8.4659996      0.10000000    
          92   12.327000      0.10000000    
         252   8.2860003      0.10000000    
          94   5.8920002      0.10000000    
         218   16.857000      0.10000000    
         187   20.834999      0.10000000    
         101   14.517000      0.10000000    
         309   12.121000      0.10000000    
         357   7.0139999      0.10000000    
         224   18.283001      0.10000000    
         313   9.0209999      0.10000000    
         315   15.782000      0.10000000    
         258   20.020000      0.10000000    
         391   12.044000      0.10000000    
         363   45.112999      0.10000000    
         319   14.697000      0.10000000    
          34   30.513000      0.10000000    
         228   10.997000      0.10000000    
         198   18.896999      0.10000000    
         199   29.438000      0.10000000    
         322   16.379000      0.10000000    
         365   9.4729996      0.10000000    
         395   8.7370005      0.10000000    
         325   18.041000      0.10000000    
         234   10.335000      0.10000000    
         272   21.299000      0.10000000    
         327   14.786000      0.10000000    
         329   14.072000      0.10000000    
         337   12.081000      0.10000000    
         338   6.8169999      0.10000000    
         339   7.8260002      0.10000000    
         372   4.2189999      0.10000000    
         340   10.107000      0.10000000    
         341   10.229000      0.10000000    
         393   31.044001      0.10000000    
         394   45.462002      0.10000000    
         373   9.9919996      0.10000000    
         301   13.499000      0.10000000    
         375   9.6320000      0.10000000    
         382   43.015999      0.10000000    
         161   13.977000      0.10000000    
         348   3.3390000      0.10000000    
         207   54.738998      0.10000000    
         167   32.898998      0.10000000    
         210   3.7460001      0.10000000    
         305   7.7140002      0.10000000    
         173   11.375000      0.10000000    
         250   6.0390000      0.10000000    
         306   6.7290001      0.10000000    
         383   14.716000      0.10000000    
         385   43.953999      0.10000000    
          91   32.147999      0.10000000    
         386   19.423000      0.10000000    
          24          78
         261   21.469000      0.10000000    
         251   29.113001      0.10000000    
         263   19.506001      0.10000000    
           2   13.653000      0.10000000    
         215   19.173000      0.10000000    
         184   31.837999      0.10000000    
         216   14.700000      0.10000000    
         252   11.406000      0.10000000    
          94   16.902000      0.10000000    
           7   39.221001      0.10000000    
         377   16.474001      0.10000000    
          97   27.032000      0.10000000    
         187   15.805000      0.10000000    
          99   11.456000      0.10000000    
         379   22.441000      0.10000000    
         309   7.3909998      0.10000000    
         357   17.974001      0.10000000    
         191   26.620001      0.10000000    
         313   10.741000      0.10000000    
         314   48.805000      0.10000000    
         388   29.059000      0.10000000    
         315   30.332001      0.10000000    
          16   45.001999      0.10000000    
          18   41.780998      0.10000000    
         258   33.500000      0.10000000    
         128   39.584999      0.10000000    
         227   20.951000      0.10000000    
         391   8.3739996      0.10000000    
         130   30.291000      0.10000000    
         363   57.583000      0.10000000    
         228   25.097000      0.10000000    
         198   14.297000      0.10000000    
         199   15.858000      0.10000000    
         200   40.375999      0.10000000    
         230   22.052999      0.10000000    
          46   47.062000      0.10000000    
          52   4.1980000      0.10000000    
         202   31.330000      0.10000000    
         324   31.584999      0.10000000    
         233   32.381001      0.10000000    
          56   38.015999      0.10000000    
         234   21.065001      0.10000000    
         272   15.599000      0.10000000    
          63   53.674999      0.10000000    
          64   50.472000      0.10000000    
         327   27.596001      0.10000000    
          71   55.299999      0.10000000    
         331   11.502000      0.10000000    
         337   20.080999      0.10000000    
         338   11.217000      0.10000000    
         339   14.326000      0.10000000    
         372   19.368999      0.10000000    
         340   22.636999      0.10000000    
         341   22.979000      0.10000000    
         342   27.555000      0.10000000    
         241   26.896000      0.10000000    
         243   55.428001      0.10000000    
         301   5.5089998      0.10000000    
         375   12.013000      0.10000000    
         303   6.4159999      0.10000000    
         158   22.597000      0.10000000    
         248   20.688000      0.10000000    
         304   50.770000      0.10000000    
         347   14.642000      0.10000000    
         382   55.816002      0.10000000    
         161   5.0770001      0.10000000    
         348   18.739000      0.10000000    
         162   45.577000      0.10000000    
         167   26.099001      0.10000000    
         168   26.354000      0.10000000    
         210   18.971001      0.10000000    
         173   9.2639999      0.10000000    
          80   20.042999      0.10000000    
         306   16.268999      0.10000000    
          84   54.241001      0.10000000    
         383   29.416000      0.10000000    
         307   11.322000      0.10000000    
         349   29.386999      0.10000000    
          25          14
         350   12.749000      0.10000000    
          92   24.367001      0.10000000    
           4   23.330999      0.10000000    
         184   10.728000      0.10000000    
         216   28.850000      0.10000000    
         185   32.737999      0.10000000    
           5   18.940001      0.10000000    
         186   14.894000      0.10000000    
           7   18.981001      0.10000000    
          98   10.641000      0.10000000    
         187   13.365000      0.10000000    
          99   19.326000      0.10000000    
         100   23.174999      0.10000000    
         101   20.777000      0.10000000    
          26          19
           1   9.9119997      0.10000000    
         350   23.799000      0.10000000    
           3   22.695999      0.10000000    
           4   8.5410004      0.10000000    
         184   9.3789997      0.10000000    
           5   6.2700000      0.10000000    
           6   8.9040003      0.10000000    
           7   7.2610002      0.10000000    
          95   11.092000      0.10000000    
          96   7.6520000      0.10000000    
           8   10.834000      0.10000000    
          98   6.5110002      0.10000000    
          99   33.826000      0.10000000    
          18   8.8210001      0.10000000    
         243   29.028000      0.10000000    
         247   20.639999      0.10000000    
         175   6.9970002      0.10000000    
         176   7.2570000      0.10000000    
          91   18.718000      0.10000000    
          27           7
         251   22.552999      0.10000000    
           2   12.823000      0.10000000    
          92   11.027000      0.10000000    
          93   13.251000      0.10000000    
         215   17.923000      0.10000000    
         216   12.400000      0.10000000    
         185   15.978000      0.10000000    
          28          40
         251   38.983002      0.10000000    
         216   51.278999      0.10000000    
         185   44.368000      0.10000000    
           7   81.621002      0.10000000    
         218   37.457001      0.10000000    
         351   21.278000      0.10000000    
         101   60.077000      0.10000000    
         379   47.041000      0.10000000    
         194   73.212997      0.10000000    
         363   8.5710001      0.10000000    
         228   43.297001      0.10000000    
         198   61.418999      0.10000000    
         199   69.688004      0.10000000    
         366   13.079000      0.10000000    
         395   53.777000      0.10000000    
         324   36.575001      0.10000000    
         233   37.271000      0.10000000    
         325   36.550999      0.10000000    
         327   40.636002      0.10000000    
         329   40.071999      0.10000000    
         330   34.403000      0.10000000    
         331   55.582001      0.10000000    
         339   53.245998      0.10000000    
         341   45.679001      0.10000000    
         342   54.055000      0.10000000    
         394   11.732000      0.10000000    
         343   12.202000      0.10000000    
         241   68.596001      0.10000000    
         374   23.849001      0.10000000    
         248   60.188000      0.10000000    
         304   18.650000      0.10000000    
         382   19.886000      0.10000000    
         376   19.983000      0.10000000    
         249   94.864998      0.10000000    
         210   51.006001      0.10000000    
         250   48.553001      0.10000000    
         384   39.846001      0.10000000    
         385   13.054000      0.10000000    
          91   66.557999      0.10000000    
         386   58.213001      0.10000000    
