28
-31.3235  138.8993    0.3500   1
1
1  1	pick.FR01.S   
-31.5083  138.4024    0.2780   2
1
1  1	pick.FR02.S   
-31.6175  138.8833    0.2910   3
1
1  1	pick.FR03.S   
-31.9626  138.8692    0.4500   4
1
1  1	pick.FR05.S    
-31.9756  138.0302    0.1510   5
1
1  1	pick.FR06.S   
-32.4826  137.9326    0.2020   6
1
1  1	pick.FR09.S   
-32.5382  138.4101    0.4530   7
1	
1  1	pick.FR10.S   
-33.1249  138.5683    0.5540   8
1	
1  1	pick.FR13.S   
-33.4709  138.5757    0.3130   9
1
1  1	pick.FR14.S   
-33.5440  138.1270    0.1970   10
1
1  1	pick.FR15.S   
-33.7793  138.9189    0.6190   11
1	
1  1	pick.FR16.S   
-32.6965  137.9780    0.1530   13
1	
1  1	pick.FR18.S   
-32.7633  138.5897    0.0000   14
1	
1  1	pick.FR19.S   
-32.2315  138.6278    0.5500   15
1	
1  1	pick.FR20.S   
-31.7644  138.5525    0.0000   16
1
1  1	pick.FR21.S   
-31.3671  138.7215    0.5500   17
1
1  1	pick.FR25.S   
-31.6723  138.6767    0.5290   18
1	
1  1	pick.FR26.S   
-31.5231  138.6233    0.5440   19
1
1  1	pick.FR27.S   
-31.2978  138.5852    0.3000   20
1	
1  1	pick.FR28.S   
-31.1300  138.5110    0.2590   21
1
1  1	pick.FR29.S   
-31.7644  138.5525    0.3300   22
1
1  1	pick.HKR.S    
-33.4305  138.9217    0.0000   23
1
1  1	pick.HTT.S    
-33.1840  138.1450    0.0000   24
1	
1  1	pick.NAP.S    
-32.7010  137.9830    0.1800   25
1
1  1	pick.NBK.S    
-32.2315  138.6278    0.5500   26
1
1  1	pick.SACA.S   
-31.7644  138.5525    0.0000   27
1
1  1	pick.SAHA.S   
-32.7633  138.5897    0.0000   28
1
1  1	pick.SAOR.S   
-34.5093  139.3370    0.0000   29
1
1  1	pick.SDN.S    
