           3
          14          14
   4.7599890015342016E-003   6.3466520020455889E-003
 -0.73779829523780105        2.4022077827742598     
   6372.29980    
   6372.29980    
   6372.29980    
   6372.29980    
   6372.29980    
   6372.29980    
   6372.29980    
   6372.29980    
   6372.29980    
   6372.29980    
   6372.29980    
   6372.29980    
   6372.29980    
   6372.29980    
   6372.29980    
   6372.29980    
   6372.29980    
   6372.29980    
   6372.29980    
   6372.29980    
   6372.29980    
   6372.29980    
   6372.29980    
   6372.29980    
   6372.29980    
   6372.29980    
   6372.29980    
   6372.29980    
   6372.29980    
   6372.29980    
   6372.29980    
   6372.29980    
   6372.29980    
   6372.29980    
   6372.29980    
   6372.29980    
   6372.29980    
   6372.29980    
   6372.29980    
   6372.29980    
   6372.29980    
   6372.29980    
   6372.29980    
   6372.29980    
   6372.29980    
   6372.29980    
   6372.29980    
   6372.29980    
   6372.29980    
   6372.29980    
   6372.29980    
   6372.29980    
   6372.29980    
   6372.29980    
   6372.29980    
   6372.29980    
   6372.29980    
   6372.29980    
   6372.29980    
   6372.29980    
   6372.29980    
   6372.29980    
   6372.29980    
   6372.29980    
   6372.29980    
   6372.29980    
   6372.29980    
   6372.29980    
   6372.29980    
   6372.29980    
   6372.29980    
   6372.29980    
   6372.29980    
   6372.29980    
   6372.29980    
   6372.29980    
   6372.29980    
   6372.29980    
   6372.29980    
   6372.29980    
   6372.29980    
   6372.29980    
   6372.29980    
   6372.29980    
   6372.29980    
   6372.29980    
   6372.29980    
   6372.29980    
   6372.29980    
   6372.29980    
   6372.29980    
   6372.29980    
   6372.29980    
   6372.29980    
   6372.29980    
   6372.29980    
   6372.29980    
   6372.29980    
   6372.29980    
   6372.29980    
   6372.29980    
   6372.29980    
   6372.29980    
   6372.29980    
   6372.29980    
   6372.29980    
   6372.29980    
   6372.29980    
   6372.29980    
   6372.29980    
   6372.29980    
   6372.29980    
   6372.29980    
   6372.29980    
   6372.29980    
   6372.29980    
   6372.29980    
   6372.29980    
   6372.29980    
   6372.29980    
   6372.29980    
   6372.29980    
   6372.29980    
   6372.29980    
   6372.29980    
   6372.29980    
   6372.29980    
   6372.29980    
   6372.29980    
   6372.29980    
   6372.29980    
   6372.29980    
   6372.29980    
   6372.29980    
   6372.29980    
   6372.29980    
   6372.29980    
   6372.29980    
   6372.29980    
   6372.29980    
   6372.29980    
   6372.29980    
   6372.29980    
   6372.29980    
   6372.29980    
   6372.29980    
   6372.29980    
   6372.29980    
   6372.29980    
   6372.29980    
   6372.29980    
   6372.29980    
   6372.29980    
   6372.29980    
   6372.29980    
   6372.29980    
   6372.29980    
   6372.29980    
   6372.29980    
   6372.29980    
   6372.29980    
   6372.29980    
   6372.29980    
   6372.29980    
   6372.29980    
   6372.29980    
   6372.29980    
   6372.29980    
   6372.29980    
   6372.29980    
   6372.29980    
   6372.29980    
   6372.29980    
   6372.29980    
   6372.29980    
   6372.29980    
   6372.29980    
   6372.29980    
   6372.29980    
   6372.29980    
   6372.29980    
   6372.29980    
   6372.29980    
   6372.29980    
   6372.29980    
   6372.29980    
   6372.29980    
   6372.29980    
   6372.29980    
   6372.29980    
   6372.29980    
   6372.29980    
   6372.29980    
   6372.29980    
   6372.29980    
   6372.29980    
   6331.00000    
   6331.00146    
   6331.00439    
   6330.99561    
   6330.99023    
   6330.99951    
   6331.00244    
   6330.99756    
   6330.99658    
   6331.00098    
   6331.00098    
   6330.99707    
   6330.99805    
   6331.00000    
   6331.00098    
   6331.21436    
   6331.71045    
   6330.57227    
   6330.00586    
   6331.24756    
   6332.01367    
   6331.02441    
   6330.94629    
   6331.15723    
   6331.44971    
   6330.93359    
   6330.81836    
   6330.98975    
   6331.01123    
   6331.99023    
   6333.98682    
   6328.48682    
   6328.29492    
   6334.10449    
   6341.02783    
   6334.08789    
   6332.15234    
   6328.96240    
   6337.10449    
   6334.96436    
   6330.90625    
   6330.98584    
   6330.94287    
   6330.39209    
   6330.00879    
   6331.63672    
   6338.72461    
   6335.09473    
   6337.11377    
   6330.11426    
   6328.33984    
   6324.19385    
   6333.16357    
   6332.98633    
   6331.09180    
   6331.02197    
   6330.90771    
   6329.63574    
   6328.68555    
   6326.39258    
   6330.75049    
   6328.36328    
   6328.65430    
   6332.80664    
   6328.53125    
   6330.50977    
   6330.85840    
   6329.87061    
   6330.99902    
   6331.00879    
   6330.98535    
   6331.51123    
   6333.83398    
   6327.57324    
   6324.88818    
   6335.47070    
   6340.89746    
   6338.66553    
   6331.17236    
   6329.82275    
   6334.28467    
   6328.06445    
   6329.54639    
   6330.95264    
   6331.00977    
   6331.81543    
   6333.96240    
   6336.99463    
   6334.55566    
   6332.67578    
   6337.23682    
   6329.64893    
   6333.10059    
   6329.75586    
   6335.38965    
   6327.14355    
   6329.40381    
   6330.96045    
   6330.93066    
   6329.94727    
   6327.29297    
   6334.97803    
   6339.33008    
   6329.61377    
   6333.84668    
   6328.19482    
   6328.61719    
   6329.33008    
   6330.08398    
   6331.92188    
   6331.77295    
   6331.02246    
   6330.94336    
   6329.05615    
   6323.95508    
   6332.67188    
   6334.84619    
   6333.37354    
   6341.21826    
   6336.89600    
   6326.39844    
   6325.35400    
   6326.25391    
   6328.24170    
   6330.91211    
   6331.00537    
   6331.05664    
   6331.16016    
   6329.76025    
   6333.04053    
   6333.13428    
   6332.09521    
   6327.87402    
   6327.20410    
   6328.01318    
   6329.21777    
   6335.05762    
   6328.66748    
   6329.40234    
   6330.95898    
   6331.05566    
   6331.11621    
   6327.52295    
   6331.98242    
   6336.61279    
   6335.03125    
   6329.25977    
   6325.62891    
   6333.62695    
   6322.55566    
   6329.26367    
   6331.75000    
   6330.38721    
   6330.98633    
   6330.92432    
   6329.35840    
   6324.42871    
   6329.93164    
   6335.18506    
   6330.65967    
   6330.30225    
   6330.89209    
   6332.59082    
   6324.98242    
   6331.76855    
   6335.82568    
   6332.02490    
   6331.05078    
   6330.94336    
   6329.98047    
   6329.33643    
   6331.40674    
   6332.33594    
   6330.17432    
   6329.83008    
   6331.56396    
   6331.34961    
   6329.43750    
   6330.85645    
   6332.10352    
   6331.37598    
   6331.01465    
   6330.99854    
   6330.92969    
   6330.89355    
   6331.01074    
   6331.04102    
   6330.96924    
   6330.94336    
   6331.01758    
   6330.99951    
   6330.91895    
   6330.98779    
   6331.02881    
   6331.00830    
   6331.00000    
   6271.00000    
   6271.00000    
   6271.00000    
   6271.00000    
   6271.00000    
   6271.00000    
   6271.00000    
   6271.00000    
   6271.00000    
   6271.00000    
   6271.00000    
   6271.00000    
   6271.00000    
   6271.00000    
   6271.00000    
   6271.00000    
   6271.00000    
   6271.00000    
   6271.00000    
   6271.00000    
   6271.00000    
   6271.00000    
   6271.00000    
   6271.00000    
   6271.00000    
   6271.00000    
   6271.00000    
   6271.00000    
   6271.00000    
   6271.00000    
   6271.00000    
   6271.00000    
   6271.00000    
   6271.00000    
   6271.00000    
   6271.00000    
   6271.00000    
   6271.00000    
   6271.00000    
   6271.00000    
   6271.00000    
   6271.00000    
   6271.00000    
   6271.00000    
   6271.00000    
   6271.00000    
   6271.00000    
   6271.00000    
   6271.00000    
   6271.00000    
   6271.00000    
   6271.00000    
   6271.00000    
   6271.00000    
   6271.00000    
   6271.00000    
   6271.00000    
   6271.00000    
   6271.00000    
   6271.00000    
   6271.00000    
   6271.00000    
   6271.00000    
   6271.00000    
   6271.00000    
   6271.00000    
   6271.00000    
   6271.00000    
   6271.00000    
   6271.00000    
   6271.00000    
   6271.00000    
   6271.00000    
   6271.00000    
   6271.00000    
   6271.00000    
   6271.00000    
   6271.00000    
   6271.00000    
   6271.00000    
   6271.00000    
   6271.00000    
   6271.00000    
   6271.00000    
   6271.00000    
   6271.00000    
   6271.00000    
   6271.00000    
   6271.00000    
   6271.00000    
   6271.00000    
   6271.00000    
   6271.00000    
   6271.00000    
   6271.00000    
   6271.00000    
   6271.00000    
   6271.00000    
   6271.00000    
   6271.00000    
   6271.00000    
   6271.00000    
   6271.00000    
   6271.00000    
   6271.00000    
   6271.00000    
   6271.00000    
   6271.00000    
   6271.00000    
   6271.00000    
   6271.00000    
   6271.00000    
   6271.00000    
   6271.00000    
   6271.00000    
   6271.00000    
   6271.00000    
   6271.00000    
   6271.00000    
   6271.00000    
   6271.00000    
   6271.00000    
   6271.00000    
   6271.00000    
   6271.00000    
   6271.00000    
   6271.00000    
   6271.00000    
   6271.00000    
   6271.00000    
   6271.00000    
   6271.00000    
   6271.00000    
   6271.00000    
   6271.00000    
   6271.00000    
   6271.00000    
   6271.00000    
   6271.00000    
   6271.00000    
   6271.00000    
   6271.00000    
   6271.00000    
   6271.00000    
   6271.00000    
   6271.00000    
   6271.00000    
   6271.00000    
   6271.00000    
   6271.00000    
   6271.00000    
   6271.00000    
   6271.00000    
   6271.00000    
   6271.00000    
   6271.00000    
   6271.00000    
   6271.00000    
   6271.00000    
   6271.00000    
   6271.00000    
   6271.00000    
   6271.00000    
   6271.00000    
   6271.00000    
   6271.00000    
   6271.00000    
   6271.00000    
   6271.00000    
   6271.00000    
   6271.00000    
   6271.00000    
   6271.00000    
   6271.00000    
   6271.00000    
   6271.00000    
   6271.00000    
   6271.00000    
   6271.00000    
   6271.00000    
   6271.00000    
   6271.00000    
   6271.00000    
   6271.00000    
   6271.00000    
   6271.00000    
   6271.00000    
   6271.00000    
   6271.00000    
   6271.00000    
   6271.00000    
   6271.00000    
   6271.00000    
   6271.00000    
   6271.00000    
   6271.00000    
