          28
           0
  0.34999999      -31.323500       138.89931               1
           1
           1
           0           1
           1
           0
  0.27800000      -31.508301       138.40240               2
           1
           1
           0           1
           1
           0
  0.29100001      -31.617500       138.88330               3
           1
           1
           0           1
           1
           0
  0.44999999      -31.962601       138.86920               4
           1
           1
           0           1
           1
           0
  0.15099999      -31.975599       138.03020               5
           1
           1
           0           1
           1
           0
  0.20200001      -32.482601       137.93260               6
           1
           1
           0           1
           1
           0
  0.45300001      -32.538200       138.41010               7
           1
           1
           0           1
           1
           0
  0.55400002      -33.124901       138.56830               8
           1
           1
           0           1
           1
           0
  0.31299999      -33.470901       138.57570               9
           1
           1
           0           1
           1
           0
  0.19700000      -33.543999       138.12700              10
           1
           1
           0           1
           1
           0
  0.61900002      -33.779301       138.91890              11
           1
           1
           0           1
           1
           0
  0.15300000      -32.696499       137.97800              13
           1
           1
           0           1
           1
           0
   0.0000000      -32.763302       138.58971              14
           1
           1
           0           1
           1
           0
  0.55000001      -32.231499       138.62781              15
           1
           1
           0           1
           1
           0
   0.0000000      -31.764400       138.55251              16
           1
           1
           0           1
           1
           0
  0.55000001      -31.367100       138.72150              17
           1
           1
           0           1
           1
           0
  0.52899998      -31.672300       138.67670              18
           1
           1
           0           1
           1
           0
  0.54400003      -31.523100       138.62331              19
           1
           1
           0           1
           1
           0
  0.30000001      -31.297800       138.58521              20
           1
           1
           0           1
           1
           0
  0.25900000      -31.129999       138.51100              21
           1
           1
           0           1
           1
           0
  0.33000001      -31.764400       138.55251              22
           1
           1
           0           1
           1
           0
   0.0000000      -33.430500       138.92171              23
           1
           1
           0           1
           1
           0
   0.0000000      -33.183998       138.14500              24
           1
           1
           0           1
           1
           0
  0.18000001      -32.701000       137.98300              25
           1
           1
           0           1
           1
           0
  0.55000001      -32.231499       138.62781              26
           1
           1
           0           1
           1
           0
   0.0000000      -31.764400       138.55251              27
           1
           1
           0           1
           1
           0
   0.0000000      -32.763302       138.58971              28
           1
           1
           0           1
           1
           0
   0.0000000      -34.509300       139.33701              29
           1
           1
           0           1
           1
