  -31.323499699999999      -0.34999999399999998     
  -31.508300800000001      -0.27799999700000000     
  -31.617500300000000      -0.29100000900000000     
  -31.962600699999999      -0.44999998800000002     
  -31.975599299999999      -0.15099999300000000     
  -32.482601199999998      -0.20200000700000001     
  -32.538200400000001      -0.45300000899999998     
  -33.124900799999999      -0.55400002000000004     
  -33.470901499999997      -0.31299999400000000     
  -33.543998700000003      -0.19699999700000001     
  -33.779300700000000      -0.61900001800000004     
  -33.036201499999997      -0.58200001700000004     
  -32.696498900000002      -0.15299999700000000     
  -32.763301800000001       -0.0000000000000000     
  -32.231498700000003      -0.55000001200000004     
  -31.764400500000001       -0.0000000000000000     
  -31.367099799999998      -0.55000001200000004     
  -31.672300300000000      -0.52899998400000003     
  -31.523099899999998      -0.54400002999999997     
  -31.297800100000000      -0.30000001199999998     
  -31.129999200000000      -0.25900000299999998     
  -31.764400500000001      -0.33000001299999998     
  -33.430500000000002       -0.0000000000000000     
  -33.183998099999997       -0.0000000000000000     
  -32.701000200000003      -0.18000000699999999     
  -32.231498700000003      -0.55000001200000004     
  -31.764400500000001       -0.0000000000000000     
  -32.763301800000001       -0.0000000000000000     
  -34.509300199999998       -0.0000000000000000     
