   138.89930699999999      -0.34999999399999998     
   138.40240499999999      -0.27799999700000000     
   138.88330099999999      -0.29100000900000000     
   138.86920200000000      -0.44999998800000002     
   138.03019699999999      -0.15099999300000000     
   137.93260200000000      -0.20200000700000001     
   138.41009500000001      -0.45300000899999998     
   138.56829800000000      -0.55400002000000004     
   138.57569899999999      -0.31299999400000000     
   138.12699900000001      -0.19699999700000001     
   138.91890000000001      -0.61900001800000004     
   138.96449300000000      -0.58200001700000004     
   137.97799699999999      -0.15299999700000000     
   138.58970600000001       -0.0000000000000000     
   138.62780799999999      -0.55000001200000004     
   138.55250500000000       -0.0000000000000000     
   138.72149700000000      -0.55000001200000004     
   138.67669699999999      -0.52899998400000003     
   138.62330600000001      -0.54400002999999997     
   138.58520500000000      -0.30000001199999998     
   138.51100199999999      -0.25900000299999998     
   138.55250500000000      -0.33000001299999998     
   138.92170700000000       -0.0000000000000000     
   138.14500400000000       -0.0000000000000000     
   137.98300200000000      -0.18000000699999999     
   138.62780799999999      -0.55000001200000004     
   138.55250500000000       -0.0000000000000000     
   138.58970600000001       -0.0000000000000000     
   139.33700600000000       -0.0000000000000000     
