   138.89931000000001      -0.34999998999999998     
   138.40240000000000      -0.27800000000000002     
   138.88329999999999      -0.29100000999999998     
   138.86920000000001      -0.44999999000000002     
   138.03020000000001      -0.15099999000000000     
   137.93260000000001      -0.20200001000000001     
   138.41010000000000      -0.45300001000000001     
   138.56829999999999      -0.55400002000000004     
   138.57570000000001      -0.31299999000000001     
   138.12700000000001      -0.19700000000000001     
   138.91890000000001      -0.61900001999999998     
   137.97800000000001      -0.15300000000000000     
   138.58971000000000       -0.0000000000000000     
   138.62781000000001      -0.55000000999999998     
   138.55251000000001       -0.0000000000000000     
   138.72149999999999      -0.55000000999999998     
   138.67670000000001      -0.52899998000000004     
   138.62331000000000      -0.54400002999999997     
   138.58520999999999      -0.30000000999999998     
   138.51100000000000      -0.25900000000000001     
   138.55251000000001      -0.33000001000000001     
   138.92170999999999       -0.0000000000000000     
   138.14500000000001       -0.0000000000000000     
   137.98300000000000      -0.18000000999999999     
   138.62781000000001      -0.55000000999999998     
   138.55251000000001       -0.0000000000000000     
   138.58971000000000       -0.0000000000000000     
   139.33700999999999       -0.0000000000000000     
