  -31.323499999999999      -0.34999998999999998     
  -31.508300999999999      -0.27800000000000002     
  -31.617500000000000      -0.29100000999999998     
  -31.962600999999999      -0.44999999000000002     
  -31.975598999999999      -0.15099999000000000     
  -32.482601000000003      -0.20200001000000001     
  -32.538200000000003      -0.45300001000000001     
  -33.124901000000001      -0.55400002000000004     
  -33.470900999999998      -0.31299999000000001     
  -33.543998999999999      -0.19700000000000001     
  -33.779300999999997      -0.61900001999999998     
  -32.696499000000003      -0.15300000000000000     
  -32.763302000000003       -0.0000000000000000     
  -32.231498999999999      -0.55000000999999998     
  -31.764399999999998       -0.0000000000000000     
  -31.367100000000001      -0.55000000999999998     
  -31.672300000000000      -0.52899998000000004     
  -31.523099999999999      -0.54400002999999997     
  -31.297799999999999      -0.30000000999999998     
  -31.129999000000002      -0.25900000000000001     
  -31.764399999999998      -0.33000001000000001     
  -33.430500000000002       -0.0000000000000000     
  -33.183998000000003       -0.0000000000000000     
  -32.701000000000001      -0.18000000999999999     
  -32.231498999999999      -0.55000000999999998     
  -31.764399999999998       -0.0000000000000000     
  -32.763302000000003       -0.0000000000000000     
  -34.509300000000003       -0.0000000000000000     
