   117.69038680171990       0.18600000000000000     
   161.49302726271293       0.20000000000000001     
   179.09599676912757       0.13900000000000001     
   206.37101213414002       8.60000028999999971E-002
   274.23627180076619       0.21400000000000000     
   402.42737734744344       0.17000000000000001     
   251.11329490576495       0.41899999999999998     
   199.75554432952185       0.18900000000000000     
   288.32879962844584       0.21299999999999999     
   301.63296117131000       0.31700000000000000     
   209.34045319416640       0.15099999000000000     
   232.93304467719955       0.85399997000000005     
   304.14076616262764       0.24099999999999999     
   211.41171292642076       0.36500000999999999     
   234.37768097605866       7.40000009999999958E-002
   124.78153549464223       4.30000015000000027E-002
   184.69418546506697       0.97500001999999997     
   269.28829293262856       0.21299999999999999     
   215.44670544108507       0.57899999999999996     
   159.47417025985146       0.48399999999999999     
   155.49974795431737       0.42500000999999998     
   13.303698866104998       -231.00000000000000     
   378.47126938878091       -42.000000000000000     
   10.114296744179772       -25.000000000000000     
   14.263764615592613       -51.000000000000000     
   542.89495443748069      -10.0000000000000000     
