   138.89930699999999       -31.323499699999999     
   138.40240499999999       -31.508300800000001     
   138.88330099999999       -31.617500300000000     
   138.86920200000000       -31.962600699999999     
   138.03019699999999       -31.975599299999999     
   137.93260200000000       -32.482601199999998     
   138.41009500000001       -32.538200400000001     
   138.56829800000000       -33.124900799999999     
   138.57569899999999       -33.470901499999997     
   138.12699900000001       -33.543998700000003     
   138.91890000000001       -33.779300700000000     
   138.96449300000000       -33.036201499999997     
   137.97799699999999       -32.696498900000002     
   138.58970600000001       -32.763301800000001     
   138.62780799999999       -32.231498700000003     
   138.55250500000000       -31.764400500000001     
   138.72149700000000       -31.367099799999998     
   138.67669699999999       -31.672300300000000     
   138.62330600000001       -31.523099899999998     
   138.58520500000000       -31.297800100000000     
   138.51100199999999       -31.129999200000000     
   138.55250500000000       -31.764400500000001     
   138.92170700000000       -33.430500000000002     
   138.14500400000000       -33.183998099999997     
   137.98300200000000       -32.701000200000003     
   138.62780799999999       -32.231498700000003     
   138.55250500000000       -31.764400500000001     
   138.58970600000001       -32.763301800000001     
   139.33700600000000       -34.509300199999998     
