           1 -0.239367187    
           1 -0.267354935    
           1 -0.266442955    
           1  -7.02725127E-02
           1 -0.355878383    
           1  -7.57367462E-02
           1 -0.308444947    
           1  -4.92833629E-02
           1   3.57764065E-02
           1 -0.193816006    
           1  -3.20923328E-02
           0   0.00000000    
           1   8.24638736E-03
           1  -9.20493007E-02
           1  -3.35090794E-03
           1  -5.80911599E-02
           1  0.169589147    
           1 -0.300851882    
           1  -8.38574171E-02
           1 -0.364746362    
           1  0.131800741    
           1 -0.291540921    
           1 -0.384219378    
           1 -0.275207549    
           1   6.06895685E-02
           1 -0.126772463    
           1 -0.214291543    
           1 -0.387534618    
           1 -0.152694747    
           1  0.162878677    
           1  -9.52584296E-02
           1 -0.426222205    
           1  0.198635250    
           1 -0.262744308    
           1  -4.79160547E-02
           1 -0.290169060    
           1 -0.156127825    
           1 -0.447598368    
           1 -0.139881060    
           1   8.12556595E-02
           1 -0.920722187    
           1 -0.411701024    
           1 -0.253124982    
           1 -0.349961430    
           1 -0.653107643    
           1   3.74121405E-02
           1 -0.535099626    
           1 -0.626575530    
           1 -0.106088571    
           1 -0.221848547    
           1 -0.113665536    
           0   0.00000000    
           1  -2.11949591E-02
           1 -0.201533645    
           1 -0.150411338    
           1 -0.349924117    
           1 -0.453339547    
           1 -0.237909511    
           1 -0.124128118    
           1 -0.399188340    
           1  -6.79505095E-02
           1  0.530929804    
           1   8.06679130E-02
           1  0.106114917    
           1   6.84540719E-03
           1 -0.260752708    
           1  -1.07645643    
           1 -0.480580270    
           1 -0.247458145    
           1 -0.270415127    
           1   3.35252471E-02
           1 -0.763218701    
           1  -8.48977119E-02
           1  0.122717924    
           1 -0.273064196    
           1 -0.180762097    
           1 -0.332995296    
           1 -0.310331941    
           1 -0.121342570    
           1 -0.274361849    
           1   2.74828300E-02
           0   0.00000000    
           1 -0.367927909    
           1 -0.183675215    
           1 -0.790668964    
           1 -0.170851961    
           1 -0.530900359    
           1   6.25427589E-02
           1  0.250214815    
           0   0.00000000    
           1 -0.648281395    
           1   7.21255243E-02
           1 -0.171026498    
           1  0.157183051    
           1 -0.563614666    
           1  0.133860528    
           1  0.135591611    
           0   0.00000000    
           1  -4.27279994E-02
           1   7.26795346E-02
           1  0.157719925    
           1  0.451595306    
           1  0.214560419    
           1 -0.216951191    
           1  0.515056551    
           1   8.94319937E-02
           1  -9.13602039E-02
           1  0.153159007    
           1   9.27308500E-02
           1 -0.303894997    
           1 -0.473195165    
           1 -0.101360902    
           1 -0.182883903    
           1  -3.54914293E-02
           1   1.08946459E-02
           1  0.190598994    
           1  0.270686358    
           1   8.08936954E-02
           1  0.292994499    
           1 -0.195728868    
           1 -0.423550040    
           1  0.362057537    
           1   9.80887711E-02
           1  0.259211212    
           1  0.149695680    
           1  0.227784753    
           1  0.204775319    
           1  0.196085170    
           1   3.48321199E-02
           1 -0.542968631    
           1   1.26437601E-02
           1  -8.30112621E-02
           1 -0.260702550    
           1  0.182500198    
           1  0.178434923    
           1  0.217368484    
           1  -3.67506146E-02
           1  0.248554617    
           1   8.48576277E-02
           1   7.52760470E-02
           1   2.69137360E-02
           1  0.129852474    
           1   2.23122723E-02
           1   1.36622218E-02
           1  0.394923955    
           1   4.03525159E-02
           1  0.310763210    
           1  0.260580033    
           1  0.269924819    
           1  -3.26652005E-02
           1 -0.504364192    
           1  0.135002449    
           1   3.27442884E-02
           1  0.308831900    
           1   3.88854649E-03
           1  -2.19018348E-02
           1   4.12178375E-02
           1  -3.65147367E-03
           1  0.317143321    
           1  0.231836081    
           1  0.127953768    
           1  -6.46745088E-03
           1  0.237989917    
           1   5.68808354E-02
           0   0.00000000    
           1  0.113996990    
           1  -7.34194070E-02
           1 -0.428445339    
           1 -0.106977537    
           1  -9.66475718E-03
           1  0.153060362    
           1 -0.101372734    
           1  0.267922223    
           1  0.107018776    
           1 -0.137182936    
           1  0.233353794    
           1  0.136495486    
           1  0.245520204    
           1 -0.504494309    
           1  0.117695034    
           1  -1.34365745E-02
           1  -5.54662868E-02
           1 -0.192876995    
           1  0.243420288    
           1 -0.459162116    
           1 -0.158295020    
           1  -9.38718542E-02
           1 -0.510075092    
           1 -0.293710202    
           1  -2.47948226E-02
           1  0.168431818    
           1  0.630640388    
           1 -0.199200451    
           1 -0.160588726    
           1  0.242294997    
           1  0.168151423    
           1 -0.628764451    
           1  0.190991729    
           1  -3.56719866E-02
           1  0.220367014    
           1   1.83632784E-02
           1  0.248511508    
           1  0.149612650    
           1   8.40945169E-03
           1  0.143462121    
           1  -2.68724877E-02
           1 -0.516719878    
           1 -0.525020003    
           1  -3.10767479E-02
           1  0.154199183    
           1  0.195330948    
           1  0.639457822    
           1   3.89080793E-02
           1  0.123518012    
           1 -0.384680063    
           1  0.136705413    
           1  0.167467937    
           1  -6.24037609E-02
           1  0.143223241    
           1  0.220301688    
           1  0.179687813    
           1 -0.230788648    
           1  0.217810810    
           1  -9.28244516E-02
           1  0.216914237    
           1  0.103303336    
           1  0.101038627    
           1  0.251192331    
           1  0.159907639    
           1  0.648517728    
           1 -0.119559199    
           1  0.208942011    
           1  0.176365003    
           1   8.28398690E-02
           1  0.111956544    
           1 -0.183380038    
           1 -0.249120921    
           1 -0.374581516    
           1  -9.84732509E-02
           1 -0.288881898    
           1 -0.696954131    
           1 -0.164390191    
           1 -0.173546240    
           0   0.00000000    
           0   0.00000000    
           1 -0.161399320    
           1 -0.193777591    
           1 -0.430153221    
           1 -0.260635883    
           1 -0.452079296    
           1  -1.22253144    
           1 -0.299775809    
           0   0.00000000    
           1  -1.28428042    
           1 -0.621806800    
           1 -0.389657646    
           0   0.00000000    
           1 -0.124666706    
           1 -0.714811146    
           0   0.00000000    
           1 -0.198224679    
           1 -0.224350214    
           1  -2.11980380E-02
           1 -0.558566570    
           1  -1.62726665    
           1 -0.217941687    
           1 -0.367730319    
           1 -0.290030807    
           1 -0.346432656    
           1  -2.18647458E-02
           1 -0.320189536    
           1   5.70822842E-02
           1 -0.124698170    
           1 -0.348367661    
           1 -0.799875975    
           1 -0.190255940    
           1  -5.41678332E-02
           1  -1.04390788    
           1 -0.561470985    
           1 -0.362653702    
           1 -0.232278496    
           1 -0.725404382    
           1 -0.119863704    
           1 -0.964143753    
           1 -0.524711132    
           1 -0.374294430    
           1  -4.92109582E-02
           1 -0.249380454    
           1 -0.223135263    
           1 -0.299485892    
           1 -0.302087516    
           1  -4.11979407E-02
           1 -0.245655522    
           1 -0.197517619    
           1 -0.232419625    
           1 -0.158692822    
           1 -0.187133700    
           1 -0.130205482    
           1 -0.127042666    
           1 -0.102911644    
           1  -6.17646351E-02
           1 -0.524256587    
           1 -0.493878663    
           1  -8.85158703E-02
           0   0.00000000    
           0   0.00000000    
           1 -0.111483909    
           1 -0.249318108    
           1 -0.129996359    
           1 -0.362838298    
           1   4.58391942E-03
           1 -0.150118098    
           1 -0.249111876    
           1  -4.97566210E-03
           1   2.97506656E-02
           0   0.00000000    
           1  -1.73094980E-02
           1 -0.444055110    
           1 -0.120602638    
           1 -0.347788125    
           1  -1.08079064    
           1 -0.194915339    
           1 -0.256375939    
           1 -0.753090858    
           1 -0.123517640    
           1 -0.429397404    
           1  -7.53519908E-02
           1 -0.194682166    
           1 -0.521381021    
           1 -0.329950631    
           1   2.05338635E-02
           1  -2.26315819E-02
           1 -0.339879781    
           1  -7.33873919E-02
           1 -0.340459555    
           1 -0.933951497    
           1  -6.51835576E-02
           1 -0.246767089    
           1 -0.206878573    
           1 -0.132172614    
           1  0.360306740    
           1 -0.120177612    
           1  -9.68215466E-02
           1 -0.154887557    
           1 -0.486240327    
           1 -0.295676976    
           1 -0.699442983    
           1  -1.04977453    
           1 -0.191465080    
           1 -0.225551441    
           1  -5.21650165E-02
           1 -0.541020989    
           1  -3.72917280E-02
           1 -0.643062294    
           1 -0.850779593    
           1  -1.31700802    
           1 -0.542760491    
           1 -0.140774310    
           1 -0.329494417    
           1 -0.370491862    
           1 -0.205831245    
           1 -0.134383142    
           1  -1.22442579    
           1 -0.322191566    
           1  -1.37633133    
           1 -0.847128928    
           1 -0.155679166    
           1 -0.106776007    
           1 -0.218552291    
           1 -0.726631820    
           1  -1.38245970E-02
           1 -0.607325256    
           1 -0.378766537    
           1  -1.13246655    
           1  -1.16230297    
           1 -0.163561985    
           1 -0.749267995    
           1 -0.211588308    
           1 -0.345812589    
           1 -0.358928591    
           1 -0.176626056    
           1 -0.743712366    
           1   2.17756759E-02
           1 -0.696737707    
           1 -0.699381232    
           1 -0.139543399    
           1   4.64410000E-02
           1 -0.385569423    
           1  -1.16309881    
           1  0.510485351    
           1 -0.689652562    
           1 -0.205259562    
           1 -0.277473867    
           1 -0.372488379    
           1 -0.122524276    
           1  -1.39329326    
           1 -0.256082326    
           1 -0.397398740    
           1 -0.478063464    
           1 -0.554775774    
           1 -0.238446474    
           1 -0.229263678    
           1 -0.554331005    
           1 -0.292128950    
           1 -0.367757648    
           1 -0.370932519    
           1 -0.318827629    
           1 -0.281845659    
           1 -0.353288323    
           1 -0.246933043    
           1  0.310177684    
           1 -0.437510371    
           1 -0.327304155    
           1 -0.234695956    
           1 -0.202265620    
           1 -0.246955410    
           1 -0.562088728    
           1 -0.463868648    
           1 -0.374160856    
           0   0.00000000    
           1   4.28291447E-02
           1 -0.266614050    
           1 -0.371694654    
           1 -0.363956183    
           1 -0.473007292    
           1 -0.387560219    
           1 -0.482795566    
           1 -0.190267906    
           1 -0.590145051    
           1 -0.456595361    
           1 -0.432483941    
           1 -0.500070691    
           1 -0.762958050    
           1  -1.27312124    
           1 -0.517249823    
           1 -0.315365881    
           1 -0.370424032    
           1 -0.468484402    
           1 -0.408055305    
           1 -0.813892245    
           1 -0.101277485    
           1  0.332390726    
           1 -0.223117962    
           1 -0.131751984    
           1 -0.328473866    
           1 -0.665792584    
           1 -0.597289622    
           1  -5.98594695E-02
           1 -0.148317516    
           1 -0.629681885    
           1 -0.310811520    
           1 -0.712018609    
           1 -0.606691301    
           1 -0.874374449    
           1 -0.351546764    
           1  -5.90420440E-02
           1 -0.320404947    
           1 -0.504244566    
           1 -0.190740675    
           1 -0.484769136    
           1 -0.599850118    
           1 -0.379236102    
           1 -0.238872126    
           1 -0.524369776    
           1 -0.288448185    
           1 -0.449065894    
           1 -0.603631377    
           1 -0.596477091    
           1 -0.423762023    
           1 -0.433627605    
           1 -0.473343700    
           1 -0.348113686    
           1 -0.690230668    
           1 -0.100430600    
           1 -0.155058622    
           1 -0.279341727    
           1  -4.78938222E-02
           1 -0.203898415    
           0   0.00000000    
           1 -0.449148983    
           1 -0.182425603    
           1 -0.413411826    
           1 -0.726941884    
           1 -0.392899781    
           1 -0.592799366    
           1 -0.460240960    
           1 -0.505420864    
           1 -0.351134181    
           1 -0.716735661    
           1 -0.294000596    
           1 -0.462112814    
           1 -0.763272464    
           1 -0.291229993    
           1 -0.435464025    
           1  -1.32632721E-02
           1 -0.426888734    
           1 -0.313047767    
           1 -0.489359111    
           1 -0.102450818    
           1 -0.430227637    
           1 -0.148158103    
           1 -0.461589426    
           1 -0.448131531    
           1 -0.886370778    
           1 -0.295583606    
           0   0.00000000    
           1 -0.627615988    
           1 -0.435678333    
           1 -0.452293128    
           1  -2.11216736    
           1 -0.344973981    
           1 -0.221158281    
           1 -0.205840185    
           0   0.00000000    
           1 -0.307106286    
           1 -0.992864430    
           1 -0.310743093    
           1 -0.487801969    
           1 -0.606003046    
           1 -0.239279971    
           1 -0.218991518    
           1 -0.483935624    
           1  -8.93964246E-02
           1 -0.483073622    
           1 -0.501980901    
           1 -0.842330694    
           1 -0.519988120    
           1 -0.266832054    
           1 -0.839062572    
           1 -0.404953927    
           1 -0.600555241    
           1 -0.246285006    
           1 -0.176320940    
           1 -0.332779318    
           1 -0.163043320    
           1 -0.439894915    
           1 -0.200360388    
           1 -0.344582915    
           1 -0.270387143    
           1 -0.261676550    
           1 -0.351389766    
           1 -0.358529270    
           1 -0.276981115    
           1 -0.585711598    
           1 -0.298631728    
           1 -0.272270650    
           1 -0.343271106    
           1 -0.346802860    
           1 -0.217505008    
           1   5.58537133E-02
           1 -0.564224362    
           1 -0.267710686    
           1 -0.417533934    
           1 -0.589662254    
           1 -0.790046036    
           1 -0.415351063    
           1 -0.521075308    
           1  -1.31925118    
           1 -0.318133771    
           1 -0.322428256    
           1 -0.138723239    
           1 -0.281559169    
           1 -0.613058388    
           1 -0.463380337    
           1  0.313925236    
           1 -0.168805853    
           1 -0.282340974    
           0   0.00000000    
           1 -0.484455585    
           1 -0.316063583    
           1 -0.338521749    
           0   0.00000000    
           1 -0.813040674    
           1  -4.29867357E-02
           1  -1.03048980    
           1 -0.244436711    
           1 -0.708603084    
           1 -0.881413579    
           1 -0.641067088    
           1 -0.925233722    
           1  -1.07647848    
           0   0.00000000    
           1 -0.567784429    
           1  -1.35232854    
           1  0.190138236    
           1  -1.25377989    
           1  0.162655488    
           1 -0.254649311    
           1 -0.837209105    
           1  -1.04519737    
           1 -0.370209277    
           1  -1.01813412    
           1 -0.944149971    
           1  0.282002240    
           1  0.537092328    
           1 -0.458837062    
           1 -0.210822955    
           1 -0.218614951    
           0   0.00000000    
           1  -2.82890629E-02
           1 -0.447790861    
           1 -0.278744966    
           1  -1.66588748    
           1  0.478724360    
           1 -0.450794488    
           1  0.309348285    
           1 -0.203190371    
           1 -0.509689093    
           1 -0.488338947    
           1  -9.00092050E-02
           1 -0.459739029    
           1  0.145465776    
           1 -0.765076339    
           1  0.294920713    
           1 -0.838661909    
           1 -0.172317892    
           1  0.306957930    
           1   9.69132632E-02
           1 -0.300109833    
           1  -1.41202360E-02
           1 -0.274311125    
           1  0.806491673    
           1 -0.885814905    
           1 -0.493253887    
           1  0.136414424    
           1  0.146094590    
           1 -0.621838748    
           1 -0.195595697    
           1 -0.178279325    
           1  0.707349658    
           1 -0.930076063    
           1  -2.17553508E-02
           1 -0.315430403    
           1   8.55639949E-02
           1 -0.633317709    
           1 -0.880099475    
           1  0.195057407    
           1  0.192693919    
           1  0.869945168    
           1 -0.342116445    
           1 -0.116644129    
           1 -0.764682293    
           1 -0.241665244    
           1 -0.257125378    
           1  -7.63130262E-02
           1  -5.04077114E-02
           1  0.163095698    
           1 -0.750308573    
           1  -9.45863500E-02
           1 -0.226185098    
           1 -0.322103411    
           1 -0.263827562    
           1 -0.700417042    
           1 -0.440328926    
           1 -0.479804426    
           1 -0.418426841    
           0   0.00000000    
           1 -0.751907170    
           1 -0.226455227    
           1  -1.77067127E-02
           1 -0.924161375    
           1 -0.183561057    
           1  -9.87046212E-02
           1 -0.817725539    
           1 -0.134696767    
           1 -0.725939751    
           1 -0.129983753    
           1 -0.945102274    
           1  0.153711185    
           1 -0.997990251    
           1  -2.97957268E-02
           1 -0.320315897    
           1 -0.295089513    
           1  -6.16153181E-02
           1 -0.129517138    
           1 -0.810569406    
           1 -0.421224177    
           1 -0.269856930    
           1 -0.592908382    
           1 -0.579597890    
           1 -0.237348452    
           1  -5.48088290E-02
           1 -0.129212096    
           1  0.135687947    
           1 -0.146080166    
           1   2.42904238E-02
           1  0.499665648    
           1  -9.46649164E-02
           1 -0.390658826    
           1 -0.629594862    
           1 -0.331616819    
           1  0.103320226    
           1 -0.184600264    
           1  -6.95593953E-02
           1 -0.410418570    
           1  -5.50348349E-02
           1 -0.162267715    
           1  -6.40689731E-02
           1 -0.137221053    
           1 -0.216783002    
           1 -0.503417313    
           1  -9.12948027E-02
           1   6.07462041E-02
           1 -0.105524898    
           1 -0.806105494    
           1  -8.28153864E-02
           1 -0.193035230    
           1 -0.349509269    
           1 -0.533507884    
           1  -6.12613000E-03
           1 -0.153817847    
           1 -0.795851409    
           1 -0.710726142    
           1  -8.24458674E-02
           1 -0.813390195    
           1 -0.127415240    
           1 -0.110373043    
           1  0.165049657    
           1 -0.406424701    
           1  -1.40847182E-02
           1  -7.52622914E-03
           1 -0.288182139    
           1 -0.437914103    
           1 -0.267422199    
           1 -0.453708768    
           1  0.129028186    
           1  -7.50300065E-02
           1   2.87603252E-02
           1 -0.536292076    
           1 -0.100860879    
           1 -0.399366319    
           1 -0.306705028    
           1 -0.220628783    
           1 -0.823064148    
           1 -0.777329743    
           1 -0.518414319    
           1 -0.370487303    
           1 -0.443624973    
           0   0.00000000    
           1 -0.140688151    
           1  -8.64213482E-02
           1   2.64542792E-02
           1  0.129099488    
           1  -7.25106448E-02
           1 -0.823863328    
           1  -7.74980783E-02
           1   6.73785880E-02
           1 -0.124399811    
           1 -0.696017504    
           1 -0.561723769    
           1 -0.581383705    
           1   1.33621711E-02
           1 -0.160288826    
           1 -0.773035526    
           1 -0.455299497    
           1 -0.414925784    
           1 -0.130023152    
           1  -6.40361160E-02
           1  -6.02585729E-03
           1 -0.408439308    
           1 -0.420930356    
           1 -0.354887575    
           1 -0.120205611    
           1 -0.168521240    
           1  -5.06559610E-02
           1 -0.706294954    
           1 -0.731785893    
           1 -0.951863170    
           1 -0.231797650    
           1 -0.575517595    
           1 -0.425229549    
           1 -0.184396207    
           1 -0.373316258    
           1 -0.586545706    
           1 -0.385012805    
           1  -1.44138709E-02
           1 -0.556379855    
           1  -5.27055152E-02
           1 -0.360063732    
           0   0.00000000    
           1   5.74042387E-02
           1 -0.272075325    
           1 -0.492237657    
           1 -0.401169598    
           1 -0.427014381    
           1 -0.264960021    
           1 -0.806471646    
           1 -0.117930517    
           1 -0.208275244    
           1 -0.527002513    
           1 -0.369243771    
           1 -0.288906485    
           1 -0.683870673    
           1 -0.301989973    
           1 -0.397197783    
           1 -0.195075169    
           1  -1.03080463    
           1 -0.988956213    
           1 -0.375307053    
           1 -0.141768917    
           1  -1.01132047    
           1 -0.127710089    
           1 -0.393494338    
           1  -6.39616102E-02
           1 -0.144112185    
           1 -0.382704318    
           1 -0.597972155    
           1 -0.463573039    
           1 -0.343466878    
           1 -0.182119891    
           1 -0.370320946    
           1 -0.331536412    
           1  0.128388539    
           1 -0.331523716    
           1 -0.329767734    
           1 -0.187011987    
           1 -0.580323815    
           1 -0.400990427    
           1 -0.207862034    
           1 -0.241730422    
           1 -0.149730295    
           1 -0.360400498    
           1 -0.326290578    
           1 -0.168379590    
           1 -0.158937708    
           1 -0.538113952    
           1 -0.327369839    
           1 -0.985511959    
           1 -0.684785485    
           1 -0.373686701    
           1 -0.269340068    
           1 -0.335632592    
           1 -0.345757395    
           1 -0.364611953    
           1 -0.416603386    
           1 -0.524206996    
           1 -0.329683632    
           1 -0.834220171    
           1 -0.905589283    
           1  -1.08630967    
           0   0.00000000    
           0   0.00000000    
           1 -0.195789635    
           1 -0.387687385    
           1 -0.731974542    
           1 -0.408599555    
           1 -0.484167159    
           1   8.19732100E-02
           1 -0.461026549    
           1 -0.726982951    
           0   0.00000000    
           1  -9.11493748E-02
           1 -0.842877626    
           1 -0.332308471    
           1 -0.674833477    
           1 -0.120371670    
           1 -0.148135856    
           1 -0.300142378    
           1 -0.162969813    
           1  -3.67980814    
           1 -0.626181066    
           1   4.48273830E-02
           1 -0.198217332    
           1 -0.179450557    
           1 -0.408246845    
           1 -0.461532652    
           1 -0.174017310    
           1 -0.224762738    
           1 -0.227334082    
           1 -0.568744421    
           1  -7.32278898E-02
           1 -0.192763686    
           1 -0.301256388    
           1 -0.550141871    
           1 -0.266889542    
           1 -0.565803826    
           1   6.29549101E-02
           1 -0.289647520    
           1  -1.06709456    
           1  0.119465567    
           1 -0.375044465    
           1 -0.572607040    
           1 -0.620299578    
           1 -0.333387285    
           1 -0.689521730    
           1 -0.416882277    
           1 -0.430876195    
           1 -0.634482086    
           1 -0.192937091    
           1 -0.510871172    
           1 -0.517359734    
           1 -0.817826331    
           1  0.139313281    
           1 -0.225412324    
           1 -0.233104095    
           1 -0.676377356    
           1 -0.247273907    
           1 -0.652762532    
           1 -0.597671449    
           1   3.15385014E-02
           1   3.18637453E-02
           1 -0.120277651    
           1 -0.826969504    
           0   0.00000000    
           1 -0.240964636    
           1 -0.448489279    
           1 -0.752848923    
           0   0.00000000    
           1 -0.679421425    
           1   7.73765892E-02
           0   0.00000000    
           1  -9.26882476E-02
           1 -0.386632949    
           0   0.00000000    
           1 -0.152170986    
           1 -0.176561400    
           1 -0.236078560    
           1  -7.58001506E-02
           1 -0.301055253    
           1 -0.160706565    
           0   0.00000000    
           1 -0.910317540    
           1 -0.446181804    
           1 -0.196217507    
           1 -0.124167740    
           1 -0.450972378    
           1 -0.481308043    
           0   0.00000000    
           1 -0.693578899    
           1 -0.104350336    
           1 -0.477999240    
           1 -0.768731058    
           1 -0.295265615    
           1 -0.197299242    
           0   0.00000000    
           1 -0.647896826    
           0   0.00000000    
           1 -0.437065601    
           1 -0.151597410    
           1  0.207985565    
           1 -0.360894740    
           1  0.394504756    
           0   0.00000000    
           1 -0.206110284    
           1  -1.78847816E-02
           1 -0.365439147    
           1  -6.52371868E-02
           1 -0.111787334    
           1  0.524237096    
           1 -0.180774257    
           1  0.663821280    
           1 -0.312051892    
           1 -0.285106957    
           1  0.346268088    
           1 -0.432022482    
           1 -0.236437172    
           1 -0.249674454    
           1  0.441230983    
           1   3.89537811E-02
           1 -0.184191227    
           1 -0.666213214    
           1   6.16445951E-02
           1  0.713277102    
           1 -0.392562926    
           1  -1.96204260E-02
           1 -0.599991620    
           1 -0.147285923    
           1  0.285888970    
           1  0.100422353    
           1  0.619712234    
           1 -0.419515043    
           1 -0.964183986    
           1   9.60449874E-02
           1 -0.131597713    
           1 -0.503900468    
           1  -3.98735628E-02
           1  -9.59831700E-02
           1 -0.183069557    
           1 -0.391833991    
           1  -5.85790649E-02
           1  -4.12159562E-02
           1 -0.137685269    
           1 -0.221977428    
           1 -0.195482403    
           1  0.570905387    
           1  -8.48430395E-02
           1 -0.165879756    
           1  0.602793455    
           1 -0.378806502    
           0   0.00000000    
           1 -0.167705998    
           1  0.392017752    
           1   6.67498782E-02
           1  0.618976653    
           1  0.521690071    
           1  0.142818451    
           0   0.00000000    
           1 -0.170737699    
           1  0.730425000    
           1 -0.138495892    
           1  0.763207316    
           1  -5.74697219E-02
           1 -0.355661035    
           1  -3.48922387E-02
           1 -0.148832709    
           1 -0.130366817    
           1  -3.00782509E-02
           1 -0.130028680    
           1 -0.694946706    
           1  0.107512563    
           1 -0.141608745    
           1  0.140936345    
           1 -0.199487686    
           1  0.264312685    
           1 -0.307387501    
           1   3.61480601E-02
           1  -7.91964158E-02
           1   2.18803398E-02
           1  0.291459531    
           1 -0.763036251    
           1 -0.180829257    
           1 -0.161110044    
           1  0.512153625    
           1   6.98038340E-02
           1 -0.160152614    
           1 -0.398055762    
           1  0.304638296    
           1  -7.37313330E-02
           1  0.315618187    
           1   4.21875343E-02
           1  -3.79814959    
           1   4.14203517E-02
           1  0.379332602    
           1  0.140176982    
           1   6.78339601E-02
           1 -0.238231465    
           1   1.59151778E-02
           1  0.436500698    
           1  -9.70732123E-02
           1 -0.292336673    
           1  -8.08504410E-03
           1 -0.319700718    
           1 -0.185623899    
           1 -0.465165287    
           1  -8.56981948E-02
           1 -0.536659539    
           1 -0.307852775    
           1  0.127610698    
           1  0.109179534    
           1 -0.132352233    
           1   4.83201817E-02
           1   7.88617060E-02
           1   9.57010463E-02
           1 -0.216045544    
           1  0.205101892    
           1 -0.207304969    
           1   3.03930659E-02
           1 -0.545523584    
           1  -2.22603027E-02
           1  0.437922806    
           1  -1.05165923E-02
           1 -0.117741421    
           1 -0.178434446    
           1  -5.76479845E-02
           1  0.590480983    
           1  0.133349329    
           1  0.351882726    
           1  0.142896697    
           1 -0.125233397    
           1  0.127101496    
           1 -0.143829614    
           1 -0.294766217    
           1  -1.72555987E-02
           1  0.273746312    
           1  -6.62282556E-02
           1 -0.276300251    
           1  0.262206018    
           1  0.403851390    
           1  0.136259973    
           1 -0.111402132    
           1  -6.31173849E-02
           1 -0.385188878    
           1  0.119546264    
           1  0.149805397    
           1 -0.719126523    
           1 -0.119636320    
           1  0.125956833    
           1 -0.405228168    
           1   4.46695350E-02
           1 -0.197774738    
           1 -0.297486335    
           1 -0.331124395    
           1 -0.188476682    
           1 -0.130030841    
           1 -0.169221491    
           1 -0.186889693    
           1 -0.232395485    
           1   4.50516632E-03
           1  -9.91321951E-02
           1   3.15903537E-02
           1  0.177015796    
           0   0.00000000    
           1 -0.366334826    
           1 -0.257444352    
           1 -0.202744573    
           1  0.203360766    
           1   7.25042596E-02
           1 -0.271031171    
           1 -0.224547103    
           1   9.73683000E-02
           1  -1.06620896    
           1   3.12884487E-02
           1  0.397980273    
           1 -0.726299524    
           1 -0.582132280    
           1   7.90105239E-02
           1  -2.50587352E-02
           1  0.106481053    
           1 -0.238049716    
           1  0.614062786    
           1  0.113188557    
           1   7.19971359E-02
           1  -8.95904079E-02
           1  0.166915044    
           1  0.104649469    
           1  0.129493117    
           1 -0.299041212    
           1  -1.27761364    
           1 -0.238330692    
           1 -0.187044874    
           1 -0.504075289    
           1 -0.105615474    
           1 -0.220322728    
           1   3.91826853E-02
           1   8.44830051E-02
           1  -6.95050731E-02
           1 -0.391018540    
           1  0.117480196    
           1  0.913242579    
           1   1.59346741E-02
           1 -0.338921309    
           1  0.185965732    
           1  -2.04018247E-03
           1 -0.162765324    
           1  0.407187790    
           1 -0.150856912    
           1 -0.114100240    
           1  0.154469937    
           1   6.80595031E-03
           0   0.00000000    
           0   0.00000000    
           1  -6.58743903E-02
           1  -4.33253571E-02
           1   9.79939178E-02
           1  0.106319115    
           1   2.83636078E-02
           1   6.20207191E-03
           1  -3.42053986    
           1 -0.487897068    
           1 -0.584049106    
           1 -0.192276016    
           1 -0.757911325    
           1  0.620580912    
           1  0.304755777    
           1  -5.53591885E-02
           1  0.128329068    
           1   2.63238195E-02
           1 -0.127561450    
           1 -0.204173699    
           1 -0.111262411    
           1  0.676350653    
           1 -0.581342041    
           1 -0.170152292    
           1  0.114383727    
           1  0.606707394    
           1  0.221040800    
           1  -4.28133309E-02
           1 -0.137453243    
           1  -9.17380080E-02
           1 -0.684752584    
           1 -0.229119018    
           1  0.576181173    
           1  0.160711065    
           1 -0.373593807    
           1 -0.645529389    
           1 -0.417946666    
           1 -0.476986766    
           1 -0.351410776    
           1  -7.36757144E-02
           1 -0.171602309    
           0   0.00000000    
           1   4.60121855E-02
           1   9.57795084E-02
           1   8.67859051E-02
           1  0.757521451    
           1  0.368171185    
           1   2.80738017E-03
           1  -3.92858014E-02
           1 -0.202062026    
           1 -0.417936265    
           1 -0.334932834    
           1   3.92069621E-03
           1 -0.315688282    
           1 -0.140751705    
           1   7.72491843E-02
           1  0.216239005    
           1 -0.292823553    
           1  0.131815627    
           1  -1.06907308    
           1  -6.32416755E-02
           1  -7.69518837E-02
           1 -0.348056316    
           1 -0.327367306    
           1  -1.32496476    
           1  -1.10762858    
           1 -0.483132541    
           1   9.20121372E-02
           1  0.506774008    
           1 -0.139624476    
           1   3.73167247E-02
           1 -0.285999596    
           1 -0.542108893    
           0   0.00000000    
           1  -9.68255699E-02
           1 -0.245194003    
           1  0.148333624    
           0   0.00000000    
           1 -0.219687849    
           1  0.125268131    
           1 -0.661913037    
           1   9.73626450E-02
           1 -0.255590647    
           1  0.108865626    
           1 -0.266967088    
           0   0.00000000    
           1 -0.253564209    
           1   6.97013661E-02
           1 -0.287525475    
           1 -0.161966056    
           1   5.38417213E-02
           1 -0.356092960    
           1  -6.68730885E-02
           1 -0.543287635    
           1 -0.539610982    
           1 -0.660429478    
           1  -4.89326231E-02
           1 -0.346928596    
           1  0.103239082    
           1  0.153056875    
           1   9.50107723E-02
           1  -9.32480767E-02
           1  -4.92128469E-02
           1 -0.176267073    
           1   7.21712634E-02
           1 -0.109687932    
           1 -0.186839551    
           1   9.67482626E-02
           1  0.126424715    
           1 -0.127364606    
           0   0.00000000    
           1 -0.592355430    
           1 -0.621486962    
           1 -0.205262050    
           1 -0.420578569    
           1 -0.229588181    
           1 -0.496425688    
           1 -0.348271430    
           1 -0.479671627    
           1  -1.68185914    
           1 -0.905001819    
           0   0.00000000    
           0   0.00000000    
           1 -0.700252533    
           1 -0.175821617    
           1 -0.555638433    
           1 -0.482543766    
           1 -0.589826405    
           1 -0.502321422    
           1 -0.538772583    
           1 -0.428666472    
           1  -1.08704972    
           1 -0.499100924    
           1 -0.391824484    
           1 -0.595907688    
           1 -0.851560771    
           1  -1.03114760    
           1 -0.563022912    
           1 -0.849572957    
           1 -0.225152090    
           1 -0.203920290    
           1 -0.684031069    
           1 -0.333085477    
           1  0.648456991    
           1 -0.527287841    
           1 -0.152506083    
           1 -0.693698764    
           1 -0.188742310    
           1 -0.155282721    
           1  0.216335014    
           1 -0.466775268    
           1 -0.601445735    
           1 -0.360943258    
           1 -0.123066179    
           1 -0.307185233    
           1 -0.276980668    
           1 -0.278963298    
           1 -0.531115890    
           1   6.91455901E-02
           1 -0.338563323    
           1  -1.76945198    
           0   0.00000000    
           1  -1.22930908    
           1 -0.186811641    
           1 -0.355659157    
           1  -5.26715163E-03
           1 -0.223099336    
           0   0.00000000    
           1 -0.330334246    
           1 -0.185300380    
           1 -0.363810778    
           1 -0.562347174    
           1 -0.809788108    
           1   2.63533480E-02
           1 -0.307108521    
           1  -9.90530290E-03
           1 -0.112085894    
           1 -0.345040977    
           1 -0.324380338    
           1   6.36131540E-02
           1 -0.428966790    
           1  -1.13208294    
           1 -0.669399142    
           1 -0.293472618    
           1 -0.385482252    
           1  -3.25355865E-02
           1  0.267241985    
           1  0.127918273    
           1  0.197857946    
           1 -0.512294412    
           1 -0.726549864    
           1 -0.325329542    
           1  0.360983580    
           1  -8.15606266E-02
           1  0.312301517    
           1   2.29549333E-02
           1 -0.440085858    
           1 -0.143747628    
           1 -0.567853272    
           1 -0.430053622    
           1 -0.452744097    
           1 -0.835274100    
           1  0.436960787    
           1 -0.527449787    
           1 -0.220095620    
           1 -0.120109960    
           1 -0.178036571    
           1 -0.635218561    
           1  -1.14022827    
           1 -0.492865205    
           1 -0.547926903    
           1  -1.50044870    
           1 -0.381487846    
           1   3.45687084E-02
           1 -0.114596531    
           1 -0.523773015    
           1 -0.386421323    
           1 -0.409201652    
           1 -0.162556484    
           1 -0.480356961    
           1 -0.347153068    
           1 -0.422758520    
           1 -0.582618475    
           1 -0.106994264    
           1  -6.32352084E-02
           1 -0.675754845    
           1 -0.385662585    
           1  -1.60542977    
           1 -0.109210446    
           1 -0.294316262    
           1 -0.104015201    
           1  0.496887296    
           1 -0.894445837    
           1 -0.802989721    
           1 -0.566128790    
           1 -0.593837023    
           1 -0.893853068    
           1 -0.209326923    
           1 -0.226363838    
           1 -0.886026502    
           1 -0.842751622    
           1 -0.472504288    
           1 -0.464868069    
           1 -0.108755246    
           1  0.184206530    
           1  -2.66845915E-02
           1   7.82214701E-02
           1 -0.204095736    
           1 -0.400047272    
           1 -0.222822353    
           1 -0.134462282    
           1 -0.144500807    
           1 -0.466247767    
           1   2.60170288E-02
           1   3.09229828E-02
           1 -0.363144279    
           1 -0.168852627    
           1 -0.116732411    
           1 -0.327091366    
           1 -0.192411393    
           1   5.83447050E-03
           1  0.101731569    
           1 -0.746847034    
           1 -0.590391874    
           1 -0.366574854    
           1 -0.535180032    
           1 -0.759842277    
           1 -0.847196519    
           1 -0.494461030    
           1 -0.461969137    
           1 -0.787271559    
           1 -0.716989875    
           1  -1.03939188    
           1 -0.463789582    
           1  -6.03908487E-03
           1 -0.100212246    
           1 -0.215574920    
           1 -0.706682682    
           1  -8.77204761E-02
           1 -0.109499492    
           1 -0.214074656    
           1   7.24627357E-03
           1  -5.00581972E-02
           1 -0.665095329    
           1 -0.904665768    
           1 -0.288450986    
           1 -0.977614641    
           1  -9.96713191E-02
           1   2.11089123E-02
           1 -0.333027303    
           1 -0.251361996    
           1  -4.01580073E-02
           1  -2.48685409E-03
           1 -0.961781740    
           1 -0.583190739    
           1 -0.100881174    
           1 -0.709682345    
           1  -1.03094864    
           1   3.37577835E-02
           1  -7.22419843E-02
           1  -2.83512883E-02
           1 -0.142554998    
           1 -0.192919970    
           1 -0.673359096    
           1 -0.167918488    
           1  0.168094039    
           1 -0.151470751    
           1   3.71576287E-02
           1 -0.295970947    
           1 -0.630585790    
           1   8.97173807E-02
           1 -0.475960165    
           1 -0.137060151    
           1  0.139614791    
           1   8.25065421E-04
           1   1.47701623E-02
           1 -0.112660900    
           1  -2.75741406E-02
           1 -0.204744399    
           1 -0.326589316    
           1  -2.61702342E-03
           1 -0.249391899    
           1 -0.825020611    
           1 -0.511833787    
           1  -6.98268861E-02
           1   2.95974733E-03
           1 -0.754487216    
           1 -0.901911676    
           1  0.123544037    
           1 -0.185664698    
           1 -0.245880142    
           1  -4.37355302E-02
           1  0.247118741    
           1  -9.26811174E-02
           1 -0.398226738    
           1 -0.320927769    
           1   6.52513057E-02
           1 -0.393155396    
           1  -7.55087286E-02
           1 -0.147469595    
           1 -0.174489170    
           1 -0.413330048    
           1 -0.206395909    
           1 -0.533344150    
           1 -0.103591196    
           1 -0.115520023    
           1 -0.617354572    
           1   4.02679369E-02
           1  0.119312413    
           1 -0.614538252    
           1  0.272913605    
           1  0.144390643    
           1 -0.348573357    
           1 -0.286507726    
           1 -0.873107076    
           1  -2.58859135E-02
           1 -0.592927516    
           1  -5.20447176E-03
           1 -0.238489881    
           1  -1.37712481E-03
           1   4.18003574E-02
           1  -5.69043076E-03
           1   5.98683581E-02
           1 -0.391211957    
           1 -0.103985265    
           1  0.196295634    
           1 -0.479582727    
           1  -8.49341005E-02
           1 -0.600094497    
           0   0.00000000    
           1 -0.198293820    
           1 -0.187362850    
           1  -6.67864606E-02
           1 -0.747941434    
           1   8.25659037E-02
           1 -0.319875509    
           1 -0.164904058    
           1 -0.213185325    
           1 -0.185792804    
           1 -0.190843567    
           1 -0.368971765    
           1 -0.211065248    
           1  -7.95133263E-02
           1 -0.148324296    
           1 -0.431386083    
           1 -0.286705613    
           1 -0.236193746    
           1  -3.77351269E-02
           1 -0.526835322    
           1   7.07215518E-02
           1  -2.32885685E-02
           1 -0.802754641    
           1  -3.43376622E-02
           1  0.112510450    
           1 -0.252226412    
           1   5.29781580E-02
           1 -0.937650323    
           0   0.00000000    
           1  -9.40423366E-03
           1  -4.54654060E-02
           1  0.113073565    
           1  -7.47595578E-02
           1  -7.45208352E-04
           1   1.18080399E-03
           1  0.195801705    
           1   8.49793777E-02
           1   9.03805643E-02
           1 -0.498887002    
           1 -0.306307256    
           1   3.77820805E-02
           1 -0.431877881    
           1  -8.19971636E-02
           1 -0.120109402    
           1 -0.238790289    
           1 -0.629018962    
           0   0.00000000    
           1 -0.105445065    
           1  -9.97263566E-02
           1  0.125490978    
           1 -0.529138744    
           1 -0.294592530    
           1   9.97882262E-02
           1 -0.526051819    
           1 -0.531951427    
           1   1.25785312E-02
           1 -0.276397109    
           1 -0.123900875    
           1  -1.12686980    
           1  0.326941907    
           1 -0.675680816    
           1 -0.237167612    
           1 -0.115874439    
           1 -0.163889691    
           1   9.25621763E-03
           1  -1.29222560    
           1  -5.36888465E-02
           1 -0.153215751    
           1 -0.244260401    
           1 -0.208302766    
           1  -1.74142625E-02
           1  0.471082389    
           1 -0.447251678    
           1  -4.91564088E-02
           1 -0.137893260    
           1 -0.326285154    
           1  0.246256828    
           1   4.61346507E-02
           1  0.193059370    
           0   0.00000000    
           1 -0.270211309    
           1 -0.356086403    
           1 -0.162925079    
           1  -1.09404111E-02
           1  0.158531368    
           1 -0.655400395    
           1 -0.165946364    
           1  0.200207651    
           1 -0.421340734    
           1  -2.19037402E-02
           1   2.85923108E-02
           1   2.24682130E-02
           1  -7.61720613E-02
           1 -0.101507530    
           1  -5.69591969E-02
           1  -1.99987814E-02
           1  -1.02170222E-02
           1 -0.167846501    
           1 -0.100187607    
           1   1.75637007E-02
           1  0.334260523    
           1  0.569222450    
           1 -0.175167248    
           1  0.157654002    
           1   2.01740358E-02
           1 -0.196102530    
           1  -1.40341409E-02
           1   4.61330973E-02
           1   4.66816463E-02
           1   3.32073942E-02
           0   0.00000000    
           1  0.133852452    
           1  0.123796195    
           1   1.26478970E-02
           1   3.41116972E-02
           1  0.151184738    
           1  0.209613711    
           1  0.176772997    
           1   8.64755660E-02
           1  0.233758181    
           1 -0.282267928    
           1  -4.31980789E-02
           1 -0.356100559    
           1  0.194431499    
           1  0.184984103    
           1  0.236858845    
           1   9.35402587E-02
           1 -0.314569175    
           0   0.00000000    
           1 -0.489029884    
           1 -0.164152056    
           0   0.00000000    
           1 -0.198876053    
           1 -0.179934382    
           1 -0.191132337    
           1 -0.686644197    
           1  -1.41623485    
           1 -0.363592625    
           1 -0.205861732    
           1  -1.44403064    
           1 -0.147846282    
           1 -0.418931901    
           1 -0.287018180    
           1 -0.673741817    
           1 -0.557630360    
           1  -1.47160840    
           0   0.00000000    
           1 -0.883189321    
           1 -0.497472793    
           1 -0.108797275    
           1 -0.371369988    
           1 -0.293088943    
           1 -0.509092569    
           1 -0.258145869    
           1 -0.341286331    
           1 -0.172331095    
           1 -0.584815204    
           1  -1.40534449    
           1 -0.509191871    
           1 -0.129947647    
           1 -0.371307403    
           1  -1.89061642    
           1 -0.631666422    
           1 -0.191178232    
           1 -0.211976513    
           1 -0.140745357    
           1 -0.534565449    
           1 -0.656587899    
           1 -0.442752093    
           1  -1.33413732    
           1 -0.205286309    
           1 -0.125831962    
           1  0.104201309    
           1  -1.01308858    
           1 -0.156575352    
           1 -0.757195830    
           1 -0.152024984    
           1  -2.38437094E-02
           1 -0.140166610    
           1 -0.425358891    
           1 -0.492925406    
           1 -0.431324393    
           1 -0.670450389    
           0   0.00000000    
           1 -0.627851129    
           1 -0.393288523    
           1 -0.553360462    
           1 -0.424334019    
           1 -0.622336030    
           1 -0.562406063    
           1  -1.13260829    
           1 -0.417084605    
           1 -0.514019549    
           1 -0.139301106    
           1 -0.708637774    
           1 -0.578860223    
           1 -0.288742095    
           0   0.00000000    
           1 -0.387382239    
           1 -0.592539489    
           1 -0.587144136    
           1 -0.668911994    
           1 -0.397014529    
           1  -5.25804460E-02
           1  -1.45072460    
           1 -0.281931251    
           1 -0.472313255    
           1 -0.305819333    
           1 -0.317735612    
           1   8.39762297E-03
           1 -0.523362756    
           1 -0.135460675    
           1 -0.196419060    
           1 -0.292653471    
           1 -0.203196049    
           1  0.374270707    
           0   0.00000000    
           1  0.146961108    
           1  0.534747958    
           1 -0.231604174    
           1   9.03565902E-03
           0   0.00000000    
           1  0.246766299    
           0   0.00000000    
           1 -0.261745930    
           1  -9.93743539E-02
           1 -0.141785577    
           0   0.00000000    
           1 -0.766005337    
           1  0.224831238    
           1 -0.628076732    
           1  0.580400765    
           1 -0.324194014    
           1   4.45672460E-02
           1  0.661811709    
           1 -0.649155080    
           1 -0.226072118    
           1 -0.122950219    
           1 -0.400896430    
           0   0.00000000    
           1 -0.206318855    
           1 -0.335270524    
           1  -1.00872946    
           1 -0.617986798    
           1  -1.03873098    
           1 -0.249277800    
           1 -0.500393629    
           0   0.00000000    
           1 -0.398634344    
           1 -0.401801825    
           1 -0.450650573    
           1 -0.767158687    
           0   0.00000000    
           1 -0.223351717    
           1 -0.643653691    
           1 -0.610463083    
           1   4.14447896E-02
           1 -0.319867134    
           1 -0.471290529    
           0   0.00000000    
           1 -0.421720684    
           1  0.292311251    
           1   8.29103291E-02
           1 -0.371156633    
           1  0.317234814    
           1 -0.304255128    
           1  0.255884171    
           1 -0.545996010    
           1 -0.581766427    
           1 -0.396212131    
           1  0.335481733    
           1 -0.168005362    
           1 -0.594148040    
           1   8.45421664E-03
           0   0.00000000    
           0   0.00000000    
           0   0.00000000    
           1 -0.982902825    
           1 -0.786301613    
           1 -0.767207682    
           1 -0.448749870    
           1 -0.559334755    
           1  -1.01558614    
           0   0.00000000    
           1   2.88072191E-02
           1   6.85089156E-02
           1 -0.319061756    
           1  0.211141691    
           1  0.131903976    
           1  0.327655017    
           1  0.542944193    
           1 -0.106623627    
           1 -0.803290725    
           0   0.00000000    
           1  -1.41641442E-02
           1  0.124387152    
           1   8.24043602E-02
           1 -0.309718519    
           1 -0.643820584    
           1 -0.190419272    
           1 -0.135764450    
           1 -0.155807942    
           1 -0.261508435    
           1 -0.807863176    
           1 -0.471879840    
           1  -8.04186389E-02
           0   0.00000000    
           1 -0.329772472    
           0   0.00000000    
           1  0.356612474    
           1 -0.330940723    
           1  -1.30633307    
           1  0.506206810    
           0   0.00000000    
           1 -0.259006172    
           1 -0.219977587    
           1  -1.03997684    
           1 -0.252066284    
           1 -0.323545396    
           1   3.32679078E-02
           1 -0.908423781    
           1  -8.59677792E-02
           0   0.00000000    
           1 -0.101148963    
           1   9.37264711E-02
           1 -0.177237898    
           1 -0.168346211    
           1 -0.257219613    
           1 -0.116633065    
           1 -0.244469613    
           1  -4.98485528E-02
           1 -0.343205780    
           0   0.00000000    
           1 -0.338792264    
           1 -0.460897118    
           1 -0.447957367    
           0   0.00000000    
           0   0.00000000    
           1 -0.197816640    
           1  -1.16388285    
           1 -0.397956818    
           1   1.61828902E-02
           1 -0.291682482    
           1 -0.413884997    
           1 -0.257237881    
           1 -0.234398544    
           1  -9.29305628E-02
           1  0.325421929    
           1 -0.782063246    
           1  -4.62329984E-02
           1 -0.409264326    
           1 -0.397471398    
           1 -0.496941000    
           1 -0.529459834    
           1 -0.772016704    
           1 -0.494660825    
           1 -0.482748806    
           1 -0.313306898    
           1 -0.601075113    
           1 -0.320327729    
           1 -0.518734753    
           1 -0.882166028    
           1 -0.462134063    
           1  -8.79138559E-02
           1 -0.373239160    
           1 -0.114946738    
           1 -0.518613994    
           1  -1.08404946    
           1 -0.332592934    
           1  -1.69589281    
           1  -1.22317791    
           1 -0.866962135    
           0   0.00000000    
           0   0.00000000    
           1   6.82571903E-03
           0   0.00000000    
           1  -1.02672589    
           1 -0.123462312    
           1  -1.49241185    
           1  0.708101332    
           1 -0.343311459    
           1 -0.352268517    
           1 -0.576457083    
           0   0.00000000    
           0   0.00000000    
           1 -0.706451654    
           1  -1.12685431E-02
           1 -0.320057958    
           1 -0.414915711    
           1 -0.411783636    
           1  -1.28946269    
           1 -0.395228148    
           1 -0.655695915    
           1   7.42293969E-02
           1  0.131982967    
           1 -0.716637433    
           0   0.00000000    
           1 -0.353239685    
           1 -0.186807036    
           1 -0.338838458    
           1 -0.438698620    
           1 -0.922057092    
           1 -0.832917213    
           0   0.00000000    
           1   7.06432909E-02
           1 -0.761489511    
           1 -0.471468866    
           1 -0.109004863    
           1 -0.387981504    
           1 -0.102210619    
           0   0.00000000    
           1 -0.304103166    
           1  -1.12072253    
           1  -9.79385898E-02
           1  0.482747555    
           1  -1.21232923E-02
           1 -0.759385645    
           1 -0.344083190    
           1 -0.888128877    
           1 -0.796322882    
           1 -0.584745944    
           1 -0.220929846    
           0   0.00000000    
           1 -0.468690842    
           1  0.244619563    
           1 -0.789947569    
           1 -0.101310484    
           1  -1.29183900    
           1  0.123416476    
           1 -0.527365983    
           1 -0.400047272    
           1 -0.228875384    
           1 -0.206203371    
           1 -0.222822353    
           1 -0.100264899    
           1 -0.215552628    
           1   8.04249942E-02
           1 -0.274298668    
           1  0.221646383    
           1   2.66643241E-03
           1 -0.581749499    
           1 -0.571207762    
           1 -0.319875509    
           1 -0.807902873    
           1  -2.91140191E-02
           1 -0.164904058    
           1 -0.213185325    
           1 -0.185792804    
           1 -0.190843567    
           1 -0.153285667    
           1 -0.368971765    
           1 -0.211065248    
           1 -0.148324296    
           1 -0.431386083    
           1  -9.03985575E-02
           1 -0.298764646    
           1 -0.572565973    
           1 -0.592612207    
           0   0.00000000    
           1 -0.247348353    
           1 -0.497611791    
           1  0.377968252    
           1 -0.438409835    
           1  -2.66845915E-02
           1 -0.323462605    
           1 -0.325516433    
           1   7.82214701E-02
           1  0.154908255    
           0   0.00000000    
           1  0.603994966    
           0   0.00000000    
           1  0.444384217    
           0   0.00000000    
           1  0.285729647    
           0   0.00000000    
           0   0.00000000    
           1  0.164685965    
           1   4.56538908E-02
           1   1.64611530    
           1   1.34524691    
           0   0.00000000    
           1  0.371291488    
           0   0.00000000    
           1  0.439209223    
           1  0.771651030    
           1  0.690469682    
           1  0.439987749    
           1   7.57320896E-02
           0   0.00000000    
           1  0.348260045    
           0   0.00000000    
           1   8.74672756E-02
           0   0.00000000    
           1 -0.117056817    
           1  -9.42848399E-02
           1 -0.265669435    
           1  0.538372457    
           0   0.00000000    
           1  0.622323334    
           1 -0.120893121    
           1  0.695599556    
           1 -0.542604625    
           1 -0.183956489    
           0   0.00000000    
           0   0.00000000    
           1  0.178036124    
           1  0.271771550    
           1   1.34010983    
