           1 -0.276528358      0.201095149    
           1 -0.320415497      0.201095149    
           1 -0.211895943      0.201095149    
           1 -0.377528191      0.201095149    
           1 -0.648220062      0.201095149    
           1 -0.459636688      0.201095149    
           1 -0.941875458      0.201095149    
           1   7.37237930E-02  0.201095149    
           1  0.756071568      0.201095149    
           1 -0.316534996      0.201095149    
           1  0.113491058      0.201095149    
           0  -100.000000       1.00000000    
           1  0.858820438      0.201095149    
           1  0.262565613      0.201095149    
           1 -0.134616852      0.201095149    
           1 -0.281351089      0.201095149    
           1  0.508354187      0.201095149    
           1 -0.405097008      0.201095149    
           1   8.98046494E-02  0.201095149    
           1 -0.453116417      0.201095149    
           1  0.741641998      0.201095149    
           1 -0.176447868      0.201095149    
           1 -0.361973763      0.201095149    
           1 -0.271081448      0.201095149    
           1  0.458818913      0.201095149    
           1   2.29601860E-02  0.201095149    
           1 -0.813014984      0.201095149    
           1 -0.560643196      0.201095149    
           1 -0.178620338      0.201095149    
           1   8.05912018E-02  0.201095149    
           1  0.322136879      0.201095149    
           1 -0.674270630      0.201095149    
           1  0.481222153      0.201095149    
           1  0.542171478      0.201095149    
           1   2.12802887E-02  0.201095149    
           1  -4.38728333E-02  0.201095149    
           1 -0.264486313      0.201095149    
           1 -0.991271973      0.201095149    
           1  -8.61473083E-02  0.201095149    
           1 -0.435041428      0.201095149    
           1 -0.738973618      0.201095149    
           1 -0.400909424      0.201095149    
           1  0.196330070      0.201095149    
           1 -0.345777512      0.201095149    
           1 -0.118000031      0.201095149    
           1  0.206713200      0.201095149    
           1 -0.676895142      0.201095149    
           1 -0.587584496      0.201095149    
           1  -5.84259033E-02  0.201095149    
           1 -0.628423691      0.201095149    
           1  0.137079239      0.201095149    
           0  -100.000000       1.00000000    
           1 -0.342242241      0.201095149    
           1  -4.06093597E-02  0.201095149    
           1 -0.578980446      0.201095149    
           1 -0.563875198      0.201095149    
           1 -0.293205261      0.201095149    
           1 -0.352939606      0.201095149    
           1 -0.261425018      0.201095149    
           1 -0.148114204      0.201095149    
           1 -0.276920319      0.201095149    
           1  0.747695923      0.201095149    
           1 -0.478272438      0.201095149    
           1   1.03545666      0.201095149    
           1 -0.451280594      0.201095149    
           1 -0.770944595      0.201095149    
           1  -1.24566460      0.201095149    
           1  0.407323360      0.201095149    
           1   9.68675613E-02  0.201095149    
           1 -0.262831688      0.201095149    
           1 -0.712617874      0.201095149    
           1  -1.33875847      0.201095149    
           1  0.631898880      0.201095149    
           1  0.276584625      0.201095149    
           1 -0.404147148      0.201095149    
           1 -0.408439636      0.201095149    
           1 -0.949527740      0.201095149    
           1   2.39582062E-02  0.201095149    
           1 -0.245571136      0.201095149    
           1   2.54631042E-02  0.201095149    
           1  0.425166607      0.201095149    
           0  -100.000000       1.00000000    
           1 -0.222602844      0.201095149    
           1 -0.228404999      0.201095149    
           1  -9.66815948E-02  0.201095149    
           1  0.210621834      0.201095149    
           1 -0.651563644      0.201095149    
           1   3.33786011E-05  0.201095149    
           1  0.321633816      0.201095149    
           0  -100.000000       1.00000000    
           1 -0.337287903      0.201095149    
           1 -0.546512604      0.201095149    
           1  0.177795410      0.201095149    
           1   3.65982056E-02  0.201095149    
           1 -0.188606262      0.201095149    
           1  0.210340500      0.201095149    
           1  -8.40220451E-02  0.201095149    
           0  -100.000000       1.00000000    
           1 -0.270401955      0.201095149    
           1  0.414848328      0.201095149    
           1  0.113906860      0.201095149    
           1  0.804544449      0.201095149    
           1  0.334730148      0.201095149    
           1 -0.325242043      0.201095149    
           1   1.63333511      0.201095149    
           1  0.476132393      0.201095149    
           1 -0.302883148      0.201095149    
           1   2.66852379E-02  0.201095149    
           1   4.92410660E-02  0.201095149    
           1  -1.04103088      0.201095149    
           1  0.568042755      0.201095149    
           1  -6.89125061E-02  0.201095149    
           1 -0.421588898      0.201095149    
           1  -5.54676056E-02  0.201095149    
           1  -7.05299377E-02  0.201095149    
           1  0.772003174      0.201095149    
           1  0.139844894      0.201095149    
           1 -0.137129307      0.201095149    
           1  0.739708900      0.201095149    
           1  0.218170166      0.201095149    
           1  -1.24971008      0.201095149    
           1  0.651193619      0.201095149    
           1   5.70840836E-02  0.201095149    
           1   9.05761719E-02  0.201095149    
           1  0.261663914      0.201095149    
           1  0.763814926      0.201095149    
           1  0.372606754      0.201095149    
           1  0.273203850      0.201095149    
           1  -5.70011139E-02  0.201095149    
           1   7.23266602E-03  0.201095149    
           1   9.53750610E-02  0.201095149    
           1 -0.671323776      0.201095149    
           1 -0.898324966      0.201095149    
           1  0.273788452      0.201095149    
           1  0.259493828      0.201095149    
           1  0.433895111      0.201095149    
           1 -0.298986435      0.201095149    
           1 -0.242537975      0.201095149    
           1 -0.173860550      0.201095149    
           1 -0.191780090      0.201095149    
           1 -0.465541840      0.201095149    
           1  0.416598320      0.201095149    
           1  0.495734215      0.201095149    
           1 -0.795726776      0.201095149    
           1  0.696027756      0.201095149    
           1   4.60743904E-02  0.201095149    
           1  0.265663147      0.201095149    
           1 -0.749008179      0.201095149    
           1 -0.445646286      0.201095149    
           1  0.158877373      0.201095149    
           1  0.488777161      0.201095149    
           1  0.370304108      0.201095149    
           1 -0.419415474      0.201095149    
           1   3.15375328E-02  0.201095149    
           1 -0.818382263      0.201095149    
           1 -0.215356827      0.201095149    
           1  -6.67400360E-02  0.201095149    
           1 -0.430871964      0.201095149    
           1  0.112747192      0.201095149    
           1  0.335783958      0.201095149    
           1  0.312635422      0.201095149    
           1  0.701171875      0.201095149    
           1  0.411855698      0.201095149    
           1  0.760084152      0.201095149    
           0  -100.000000       1.00000000    
           1  0.361893654      0.201095149    
           1  0.815250397      0.201095149    
           1  -1.41705322      0.201095149    
           1  0.928788185      0.201095149    
           1  -6.44321442E-02  0.201095149    
           1   8.24890137E-02  0.201095149    
           1 -0.214412689      0.201095149    
           1  0.290035248      0.201095149    
           1 -0.218091011      0.201095149    
           1  -1.20080757      0.201095149    
           1  0.608409882      0.201095149    
           1  0.514244080      0.201095149    
           1  0.157652855      0.201095149    
           1 -0.603759766      0.201095149    
           1  -2.21023560E-02  0.201095149    
           1  0.554381371      0.201095149    
           1  0.360589981      0.201095149    
           1  -1.08831787      0.201095149    
           1  0.445087433      0.201095149    
           1 -0.231361389      0.201095149    
           1 -0.676094055      0.201095149    
           1  0.537296295      0.201095149    
           1  -8.72993469E-02  0.201095149    
           1 -0.705869675      0.201095149    
           1  0.434023380      0.201095149    
           1  0.199116230      0.201095149    
           1  0.884016037      0.201095149    
           1 -0.116687775      0.201095149    
           1  0.744882584      0.201095149    
           1   5.59954643E-02  0.201095149    
           1  0.713432312      0.201095149    
           1 -0.605234146      0.201095149    
           1  0.112839222      0.201095149    
           1 -0.321748734      0.201095149    
           1  0.519143105      0.201095149    
           1  0.622341156      0.201095149    
           1   6.60886765E-02  0.201095149    
           1  0.148207664      0.201095149    
           1  0.258541584      0.201095149    
           1  0.535886765      0.201095149    
           1 -0.337162971      0.201095149    
           1 -0.441734314      0.201095149    
           1 -0.930831909      0.201095149    
           1  -8.33883286E-02  0.201095149    
           1   9.08279419E-03  0.201095149    
           1 -0.349385738      0.201095149    
           1  0.622758865      0.201095149    
           1  -4.92525101E-02  0.201095149    
           1  0.247348785      0.201095149    
           1 -0.334384918      0.201095149    
           1  0.593050003      0.201095149    
           1   9.46445465E-02  0.201095149    
           1  -5.88035583E-03  0.201095149    
           1  0.301830292      0.201095149    
           1  -6.40163422E-02  0.201095149    
           1  0.260726452      0.201095149    
           1  0.811122894      0.201095149    
           1  0.205157757      0.201095149    
           1   6.24866486E-02  0.201095149    
           1  0.167670250      0.201095149    
           1  0.173119545      0.201095149    
           1  -6.80456161E-02  0.201095149    
           1  0.379231453      0.201095149    
           1  0.104472160      0.201095149    
           1  0.546134949      0.201095149    
           1  0.178245544      0.201095149    
           1  0.100818157      0.201095149    
           1  0.202436447      0.201095149    
           1  0.244953156      0.201095149    
           1 -0.103866100      0.201095149    
           1 -0.739004135      0.201095149    
           1  -3.92656326E-02  0.201095149    
           1 -0.154937744      0.201095149    
           1 -0.432821274      0.201095149    
           1 -0.278718948      0.201095149    
           1 -0.642910004      0.201095149    
           1 -0.320697308      0.201095149    
           1 -0.340950966      0.201095149    
           0  -100.000000       1.00000000    
           0  -100.000000       1.00000000    
           1 -0.587371826      0.201095149    
           1 -0.367384434      0.201095149    
           1  -9.67130661E-02  0.201095149    
           1   7.48252869E-02  0.201095149    
           1  0.171840668      0.201095149    
           1  -1.45365143      0.201095149    
           1 -0.334616661      0.201095149    
           0  -100.000000       1.00000000    
           1  -1.35481644      0.201095149    
           1 -0.820371628      0.201095149    
           1 -0.616254807      0.201095149    
           0  -100.000000       1.00000000    
           1  0.680361748      0.201095149    
           1 -0.592700958      0.201095149    
           0  -100.000000       1.00000000    
           1 -0.235181808      0.201095149    
           1 -0.747921944      0.201095149    
           1  0.187428474      0.201095149    
           1 -0.481975555      0.201095149    
           1 -0.983249664      0.201095149    
           1  0.445307732      0.201095149    
           1   5.75127602E-02  0.201095149    
           1 -0.258172989      0.201095149    
           1 -0.274662018      0.201095149    
           1   6.09798431E-02  0.201095149    
           1 -0.718805313      0.201095149    
           1  0.193423271      0.201095149    
           1   4.05988693E-02  0.201095149    
           1 -0.743743896      0.201095149    
           1  -1.12806511      0.201095149    
           1  0.238246918      0.201095149    
           1  0.735806465      0.201095149    
           1  -2.48062515      0.201095149    
           1 -0.116550446      0.201095149    
           1 -0.385058403      0.201095149    
           1 -0.418903351      0.201095149    
           1  -1.35902786      0.201095149    
           1  0.599200249      0.201095149    
           1  -1.17561340      0.201095149    
           1 -0.803915977      0.201095149    
           1 -0.451833725      0.201095149    
           1   1.42288208E-03  0.201095149    
           1 -0.576545715      0.201095149    
           1  0.436268806      0.201095149    
           1 -0.319366455      0.201095149    
           1 -0.484248161      0.201095149    
           1 -0.269741058      0.201095149    
           1  -2.59933472E-02  0.201095149    
           1 -0.419662952      0.201095149    
           1 -0.260250092      0.201095149    
           1 -0.711306572      0.201095149    
           1  0.315672874      0.201095149    
           1 -0.186490059      0.201095149    
           1 -0.217370033      0.201095149    
           1 -0.196274757      0.201095149    
           1  -9.94424820E-02  0.201095149    
           1 -0.505130768      0.201095149    
           1  -3.22170258E-02  0.201095149    
           1  0.149173260      0.201095149    
           0  -100.000000       1.00000000    
           0  -100.000000       1.00000000    
           1 -0.282526970      0.201095149    
           1 -0.454063416      0.201095149    
           1 -0.273006439      0.201095149    
           1 -0.154667854      0.201095149    
           1  0.217849731      0.201095149    
           1 -0.299425125      0.201095149    
           1 -0.267938614      0.201095149    
           1 -0.326046944      0.201095149    
           1  0.540525436      0.201095149    
           0  -100.000000       1.00000000    
           1  0.220912933      0.201095149    
           1 -0.649058342      0.201095149    
           1  -3.42760086E-02  0.201095149    
           1  -1.62505150      0.201095149    
           1  -1.28471947      0.201095149    
           1  -5.52153587E-02  0.201095149    
           1 -0.448003292      0.201095149    
           1  -1.47605896      0.201095149    
           1 -0.313379765      0.201095149    
           1 -0.370882034      0.201095149    
           1  0.226210594      0.201095149    
           1  -2.01220512E-02  0.201095149    
           1  -9.67912674E-02  0.201095149    
           1 -0.483510017      0.201095149    
           1 -0.306337357      0.201095149    
           1 -0.441847801      0.201095149    
           1 -0.617595673      0.201095149    
           1  0.213219643      0.201095149    
           1 -0.424189091      0.201095149    
           1 -0.846767426      0.201095149    
           1  -1.59745216E-02  0.201095149    
           1 -0.340788841      0.201095149    
           1 -0.860953808      0.201095149    
           1  0.242326736      0.201095149    
           1  0.396083832      0.201095149    
           1 -0.516521454      0.201095149    
           1  0.975506783      0.201095149    
           1  0.271257401      0.201095149    
           1 -0.845182419      0.201095149    
           1  -1.11084747      0.201095149    
           1 -0.359175682      0.201095149    
           1  -1.41723919      0.201095149    
           1 -0.131120682      0.201095149    
           1   1.75189972E-03  0.201095149    
           1 -0.170532227      0.201095149    
           1  -1.15437508      0.201095149    
           1 -0.437888145      0.201095149    
           1  0.100336075      0.201095149    
           1 -0.349925995      0.201095149    
           1  -1.29565048      0.201095149    
           1  -1.04260635      0.201095149    
           1 -0.511872292      0.201095149    
           1 -0.540176392      0.201095149    
           1 -0.185240746      0.201095149    
           1 -0.337934971      0.201095149    
           1 -0.822521687      0.201095149    
           1  -1.40980721      0.201095149    
           1  0.127810955      0.201095149    
           1  -1.09675217      0.201095149    
           1 -0.917402267      0.201095149    
           1   4.87003326E-02  0.201095149    
           1  -9.89265442E-02  0.201095149    
           1 -0.191143036      0.201095149    
           1 -0.423959732      0.201095149    
           1  0.367666245      0.201095149    
           1 -0.721265793      0.201095149    
           1 -0.815294266      0.201095149    
           1  -1.27237129      0.201095149    
           1  -1.50157547      0.201095149    
           1 -0.107176304      0.201095149    
           1 -0.193016052      0.201095149    
           1 -0.232318878      0.201095149    
           1 -0.510682106      0.201095149    
           1 -0.369623184      0.201095149    
           1 -0.295650482      0.201095149    
           1  -1.54823017      0.201095149    
           1   3.55234146E-02  0.201095149    
           1   1.67293549E-02  0.201095149    
           1   7.11860657E-02  0.201095149    
           1   1.97000504E-02  0.201095149    
           1  0.244009972      0.201095149    
           1 -0.911028862      0.201095149    
           1  -1.07637024      0.201095149    
           1  0.496006012      0.201095149    
           1 -0.531118393      0.201095149    
           1 -0.135467529      0.201095149    
           1 -0.216691971      0.201095149    
           1 -0.311755657      0.201095149    
           1   3.45783234E-02  0.201095149    
           1  -2.38453293      0.201095149    
           1   4.34770584E-02  0.201095149    
           1 -0.452548027      0.201095149    
           1  -1.54445648      0.201095149    
           1 -0.472490311      0.201095149    
           1 -0.119124413      0.201095149    
           1 -0.195613861      0.201095149    
           1 -0.916906357      0.201095149    
           1 -0.616438866      0.201095149    
           1 -0.128184319      0.201095149    
           1 -0.205471992      0.201095149    
           1  -3.65705490E-02  0.201095149    
           1 -0.390309334      0.201095149    
           1 -0.310449600      0.201095149    
           1  0.240922928      0.201095149    
           1  0.421187401      0.201095149    
           1  0.151035309      0.201095149    
           1  -5.64022064E-02  0.201095149    
           1  0.281103134      0.201095149    
           1 -0.118504047      0.201095149    
           1 -0.435130119      0.201095149    
           1  -1.06154060      0.201095149    
           1 -0.384239197      0.201095149    
           1 -0.367919922      0.201095149    
           0  -100.000000       1.00000000    
           1  0.492889404      0.201095149    
           1  0.845005035      0.201095149    
           1 -0.527986526      0.201095149    
           1 -0.431415558      0.201095149    
           1 -0.339912415      0.201095149    
           1  -1.06576157      0.201095149    
           1 -0.696090698      0.201095149    
           1 -0.732831001      0.201095149    
           1 -0.410143852      0.201095149    
           1 -0.647912979      0.201095149    
           1 -0.467781067      0.201095149    
           1  -1.23874664      0.201095149    
           1 -0.788358688      0.201095149    
           1  -2.52076340      0.201095149    
           1  -6.00967407E-02  0.201095149    
           1 -0.215383530      0.201095149    
           1  -2.10494995E-02  0.201095149    
           1 -0.903936386      0.201095149    
           1 -0.677974701      0.201095149    
           1 -0.845052719      0.201095149    
           1  0.381649017      0.201095149    
           1  0.965560913      0.201095149    
           1 -0.897461891      0.201095149    
           1  0.495863914      0.201095149    
           1  0.350129128      0.201095149    
           1 -0.744201660      0.201095149    
           1 -0.673847198      0.201095149    
           1 -0.291780472      0.201095149    
           1  0.482395172      0.201095149    
           1 -0.190019608      0.201095149    
           1 -0.266188622      0.201095149    
           1 -0.302586555      0.201095149    
           1 -0.443095207      0.201095149    
           1  0.242321014      0.201095149    
           1 -0.584747314      0.201095149    
           1 -0.130353451      0.201095149    
           1  -7.85679817E-02  0.201095149    
           1 -0.257991791      0.201095149    
           1  0.269609451      0.201095149    
           1 -0.255980492      0.201095149    
           1  -1.03137779      0.201095149    
           1 -0.632308006      0.201095149    
           1  0.329705238      0.201095149    
           1 -0.143968582      0.201095149    
           1 -0.590677261      0.201095149    
           1  -1.08323097      0.201095149    
           1 -0.590696335      0.201095149    
           1 -0.112297058      0.201095149    
           1 -0.523151398      0.201095149    
           1 -0.455812454      0.201095149    
           1 -0.245567322      0.201095149    
           1  0.223547935      0.201095149    
           1  -1.18085670      0.201095149    
           1 -0.224010468      0.201095149    
           1  -9.05027390E-02  0.201095149    
           1 -0.411813736      0.201095149    
           1 -0.203717709      0.201095149    
           1 -0.202411652      0.201095149    
           0  -100.000000       1.00000000    
           1 -0.130927086      0.201095149    
           1  0.234808922      0.201095149    
           1 -0.195614338      0.201095149    
           1 -0.478225708      0.201095149    
           1 -0.258075714      0.201095149    
           1 -0.566200256      0.201095149    
           1  -2.85111618      0.201095149    
           1 -0.699048042      0.201095149    
           1 -0.174137115      0.201095149    
           1 -0.536590576      0.201095149    
           1 -0.235813141      0.201095149    
           1 -0.427174568      0.201095149    
           1 -0.650371552      0.201095149    
           1 -0.971738815      0.201095149    
           1 -0.483490944      0.201095149    
           1   1.14093781      0.201095149    
           1  -1.25233078      0.201095149    
           1 -0.737305641      0.201095149    
           1   6.49166107E-02  0.201095149    
           1 -0.148253441      0.201095149    
           1 -0.206001282      0.201095149    
           1 -0.243267059      0.201095149    
           1 -0.519842148      0.201095149    
           1  -1.00287056      0.201095149    
           1  -1.06070518      0.201095149    
           1 -0.588205338      0.201095149    
           0  -100.000000       1.00000000    
           1  0.409942627      0.201095149    
           1 -0.462505341      0.201095149    
           1   5.32112122E-02  0.201095149    
           1  -4.05114746      0.201095149    
           1  -6.43162727E-02  0.201095149    
           1 -0.365628242      0.201095149    
           1 -0.527466774      0.201095149    
           0  -100.000000       1.00000000    
           1   7.08456039E-02  0.201095149    
           1 -0.757919312      0.201095149    
           1 -0.259136200      0.201095149    
           1 -0.409677505      0.201095149    
           1 -0.353942871      0.201095149    
           1 -0.376461029      0.201095149    
           1 -0.688544273      0.201095149    
           1 -0.456436157      0.201095149    
           1  0.904478073      0.201095149    
           1 -0.534622192      0.201095149    
           1 -0.778615952      0.201095149    
           1  -1.85947132      0.201095149    
           1 -0.641574383      0.201095149    
           1   8.06713104E-02  0.201095149    
           1 -0.439743042      0.201095149    
           1 -0.203254700      0.201095149    
           1  0.445596695      0.201095149    
           1 -0.395614624      0.201095149    
           1 -0.647592545      0.201095149    
           1 -0.452416897      0.201095149    
           1 -0.771572113      0.201095149    
           1 -0.276489258      0.201095149    
           1 -0.320933342      0.201095149    
           1   1.62773132E-02  0.201095149    
           1 -0.353730202      0.201095149    
           1  -1.29749680      0.201095149    
           1 -0.446653843      0.201095149    
           1 -0.550621986      0.201095149    
           1 -0.627567291      0.201095149    
           1 -0.432460785      0.201095149    
           1 -0.124872208      0.201095149    
           1  -1.25410557      0.201095149    
           1 -0.241516113      0.201095149    
           1 -0.665496826      0.201095149    
           1   3.93915176E-02  0.201095149    
           1 -0.546886444      0.201095149    
           1 -0.509719849      0.201095149    
           1 -0.636049271      0.201095149    
           1  0.122560501      0.201095149    
           1 -0.542736053      0.201095149    
           1  -1.00953293      0.201095149    
           1 -0.205572128      0.201095149    
           1 -0.359428406      0.201095149    
           1  -1.42462921      0.201095149    
           1 -0.928457260      0.201095149    
           1 -0.702873230      0.201095149    
           1 -0.146902084      0.201095149    
           1 -0.114395142      0.201095149    
           1 -0.915092468      0.201095149    
           1  0.847503662      0.201095149    
           1 -0.442636490      0.201095149    
           1 -0.258595467      0.201095149    
           1 -0.119042397      0.201095149    
           0  -100.000000       1.00000000    
           1  -6.78796768E-02  0.201095149    
           1 -0.471378326      0.201095149    
           1 -0.399155617      0.201095149    
           0  -100.000000       1.00000000    
           1 -0.977710724      0.201095149    
           1 -0.548501968      0.201095149    
           1  -3.29804993      0.201095149    
           1 -0.581214905      0.201095149    
           1 -0.829568863      0.201095149    
           1 -0.995891571      0.201095149    
           1 -0.474245071      0.201095149    
           1  -1.31718826      0.201095149    
           1 -0.844779968      0.201095149    
           0  -100.000000       1.00000000    
           1 -0.507160187      0.201095149    
           1 -0.767658234      0.201095149    
           1  0.184190750      0.201095149    
           1  -1.37827682      0.201095149    
           1  0.150909424      0.201095149    
           1 -0.965108871      0.201095149    
           1 -0.641002655      0.201095149    
           1 -0.636634827      0.201095149    
           1  -1.47564125      0.201095149    
           1  -1.41044617      0.201095149    
           1  0.422220230      0.201095149    
           1  0.492540359      0.201095149    
           1  0.484022141      0.201095149    
           1  0.555337906      0.201095149    
           1  -1.14599037      0.201095149    
           1   4.16135788E-02  0.201095149    
           0  -100.000000       1.00000000    
           1 -0.172929764      0.201095149    
           1 -0.526836395      0.201095149    
           1 -0.429543495      0.201095149    
           1  -2.88242531      0.201095149    
           1  0.678162575      0.201095149    
           1   7.76071548E-02  0.201095149    
           1  0.777809143      0.201095149    
           1  -8.85334015E-02  0.201095149    
           1 -0.113605499      0.201095149    
           1 -0.734485626      0.201095149    
           1  0.869962692      0.201095149    
           1 -0.746483803      0.201095149    
           1  -1.72376633E-03  0.201095149    
           1 -0.319313049      0.201095149    
           1  -7.30285645E-02  0.201095149    
           1 -0.889524460      0.201095149    
           1   9.49611664E-02  0.201095149    
           1  0.207440376      0.201095149    
           1  0.804491997      0.201095149    
           1   1.24560738      0.201095149    
           1 -0.920222282      0.201095149    
           1  0.153495789      0.201095149    
           1  0.972717285      0.201095149    
           1  -1.52986908      0.201095149    
           1  -1.09031105      0.201095149    
           1  0.228431702      0.201095149    
           1 -0.595970154      0.201095149    
           1 -0.321937561      0.201095149    
           1  0.366615295      0.201095149    
           1 -0.300994873      0.201095149    
           1   1.36546326      0.201095149    
           1 -0.878343582      0.201095149    
           1 -0.146692276      0.201095149    
           1 -0.397659302      0.201095149    
           1 -0.120139122      0.201095149    
           1 -0.747871399      0.201095149    
           1 -0.217533112      0.201095149    
           1 -0.742258072      0.201095149    
           1  0.350451469      0.201095149    
           1   1.84395695      0.201095149    
           1  -1.02295685      0.201095149    
           1 -0.424892426      0.201095149    
           1  -1.20885086      0.201095149    
           1  0.333370209      0.201095149    
           1  -1.12981606      0.201095149    
           1 -0.280647278      0.201095149    
           1 -0.400466919      0.201095149    
           1 -0.293540955      0.201095149    
           1  -1.55507278      0.201095149    
           1  -4.82463837E-02  0.201095149    
           1  0.291421890      0.201095149    
           1  -1.01116753      0.201095149    
           1  -2.44140625E-02  0.201095149    
           1 -0.379467010      0.201095149    
           1 -0.554668427      0.201095149    
           1   4.94403839E-02  0.201095149    
           1 -0.216323853      0.201095149    
           0  -100.000000       1.00000000    
           1  -1.05062866      0.201095149    
           1  0.694396973      0.201095149    
           1   1.05290127      0.201095149    
           1 -0.681699753      0.201095149    
           1  -7.03830719E-02  0.201095149    
           1 -0.218838692      0.201095149    
           1  0.452701569      0.201095149    
           1 -0.380479813      0.201095149    
           1 -0.677261353      0.201095149    
           1 -0.277019501      0.201095149    
           1  -1.76437378      0.201095149    
           1  0.513844013      0.201095149    
           1 -0.154636383      0.201095149    
           1  0.161567688      0.201095149    
           1 -0.430364609      0.201095149    
           1 -0.117313385      0.201095149    
           1  0.332342148      0.201095149    
           1 -0.903652191      0.201095149    
           1 -0.943305969      0.201095149    
           1 -0.370794296      0.201095149    
           1   6.19583130E-02  0.201095149    
           1 -0.640888214      0.201095149    
           1  0.381931305      0.201095149    
           1   8.64429474E-02  0.201095149    
           1 -0.219908714      0.201095149    
           1 -0.254154205      0.201095149    
           1 -0.376827240      0.201095149    
           1   9.16900635E-02  0.201095149    
           1 -0.548425674      0.201095149    
           1  0.254566193      0.201095149    
           1  0.291206360      0.201095149    
           1 -0.797130585      0.201095149    
           1 -0.284736633      0.201095149    
           1  0.157926559      0.201095149    
           1  0.546226978      0.201095149    
           1 -0.425518036      0.201095149    
           1 -0.797986984      0.201095149    
           1 -0.900274277      0.201095149    
           1 -0.426199913      0.201095149    
           1  0.532308578      0.201095149    
           1  0.180341721      0.201095149    
           1   1.03053474      0.201095149    
           1 -0.987336159      0.201095149    
           1 -0.299903870      0.201095149    
           1 -0.552434921      0.201095149    
           1 -0.659762383      0.201095149    
           1  0.520192146      0.201095149    
           1  -7.89451599E-02  0.201095149    
           1  -3.75404358E-02  0.201095149    
           1 -0.415013313      0.201095149    
           1 -0.765357971      0.201095149    
           1 -0.178703308      0.201095149    
           1 -0.541828156      0.201095149    
           1  0.275588036      0.201095149    
           1 -0.492130280      0.201095149    
           1 -0.827056885      0.201095149    
           1 -0.250078201      0.201095149    
           1 -0.898105621      0.201095149    
           1  0.187892914      0.201095149    
           1 -0.447654724      0.201095149    
           1 -0.205753326      0.201095149    
           1 -0.820400238      0.201095149    
           1 -0.596916199      0.201095149    
           1  0.600546837      0.201095149    
           1 -0.180843353      0.201095149    
           1 -0.596982956      0.201095149    
           1 -0.389531136      0.201095149    
           1  -1.02486801      0.201095149    
           1  0.533866882      0.201095149    
           1 -0.146203995      0.201095149    
           1  -6.99567795E-02  0.201095149    
           1  -5.40351868E-02  0.201095149    
           1 -0.753803253      0.201095149    
           1  -1.35037136      0.201095149    
           1   8.72974396E-02  0.201095149    
           1  0.178684235      0.201095149    
           1 -0.518329620      0.201095149    
           1 -0.803680420      0.201095149    
           1 -0.630899429      0.201095149    
           1  0.357496262      0.201095149    
           1   5.17215729E-02  0.201095149    
           0  -100.000000       1.00000000    
           1  0.450084686      0.201095149    
           1  0.439449310      0.201095149    
           1  0.241386414      0.201095149    
           1  0.998720646      0.201095149    
           1  0.549248695      0.201095149    
           1  -1.13160324      0.201095149    
           1 -0.114528656      0.201095149    
           1  0.228010178      0.201095149    
           1 -0.590841293      0.201095149    
           1   4.25148010E-02  0.201095149    
           1  -1.15417480      0.201095149    
           1 -0.510185242      0.201095149    
           1 -0.352880478      0.201095149    
           1  -6.16540909E-02  0.201095149    
           1  -1.99736023      0.201095149    
           1 -0.648061752      0.201095149    
           1 -0.902223587      0.201095149    
           1 -0.248955727      0.201095149    
           1  0.212007523      0.201095149    
           1  0.406195641      0.201095149    
           1 -0.282052040      0.201095149    
           1 -0.328086853      0.201095149    
           1 -0.112861633      0.201095149    
           1  0.519683838      0.201095149    
           1 -0.268696785      0.201095149    
           1 -0.150745392      0.201095149    
           1  -1.28628159      0.201095149    
           1 -0.272720337      0.201095149    
           1 -0.759141922      0.201095149    
           1  -6.84394836E-02  0.201095149    
           1 -0.315908432      0.201095149    
           1 -0.735863686      0.201095149    
           1 -0.715122223      0.201095149    
           1 -0.394412994      0.201095149    
           1   8.60595703E-03  0.201095149    
           1 -0.204183102      0.201095149    
           1 -0.759187698      0.201095149    
           1 -0.606529236      0.201095149    
           1  0.813684464      0.201095149    
           1 -0.487617493      0.201095149    
           0  -100.000000       1.00000000    
           1  0.687690735      0.201095149    
           1  0.458778381      0.201095149    
           1  0.136894226      0.201095149    
           1 -0.479087830      0.201095149    
           1   6.90841675E-02  0.201095149    
           1  0.165007591      0.201095149    
           1 -0.392261505      0.201095149    
           1  -1.20770454      0.201095149    
           1  0.627853394      0.201095149    
           1 -0.577629089      0.201095149    
           1  0.824605942      0.201095149    
           1  -1.36772728      0.201095149    
           1 -0.351202011      0.201095149    
           1 -0.388362885      0.201095149    
           1 -0.458012581      0.201095149    
           1 -0.352912903      0.201095149    
           1 -0.855575562      0.201095149    
           1  -1.20239639      0.201095149    
           1   3.67050171E-02  0.201095149    
           1  0.228333473      0.201095149    
           1  -1.31890583      0.201095149    
           1 -0.373810768      0.201095149    
           1 -0.647908211      0.201095149    
           1   7.97367096E-02  0.201095149    
           1  0.147630692      0.201095149    
           1 -0.226258278      0.201095149    
           1 -0.583877563      0.201095149    
           1  -6.72912598E-02  0.201095149    
           1  0.489376068      0.201095149    
           1 -0.761918068      0.201095149    
           1  -1.99650288      0.201095149    
           1 -0.103469849      0.201095149    
           1  -8.20617676E-02  0.201095149    
           1 -0.498197556      0.201095149    
           1 -0.857459068      0.201095149    
           1 -0.657283783      0.201095149    
           1 -0.695354462      0.201095149    
           1  0.242668152      0.201095149    
           1  -5.81054688E-02  0.201095149    
           1 -0.563854218      0.201095149    
           1  0.441131592      0.201095149    
           1 -0.858079910      0.201095149    
           1 -0.246389389      0.201095149    
           1  -6.18071556E-02  0.201095149    
           1 -0.632987022      0.201095149    
           1 -0.115958214      0.201095149    
           1 -0.186848640      0.201095149    
           1 -0.454223633      0.201095149    
           1 -0.374425888      0.201095149    
           1  -3.69167328E-03  0.201095149    
           1  -1.40162849      0.201095149    
           1  -2.15624237      0.201095149    
           1  0.333032608      0.201095149    
           1 -0.309505463      0.201095149    
           1 -0.757963181      0.201095149    
           1  -8.13636780E-02  0.201095149    
           1 -0.568336487      0.201095149    
           1  -1.76448822      0.201095149    
           1 -0.491184235      0.201095149    
           1  -1.86437225      0.201095149    
           0  -100.000000       1.00000000    
           0  -100.000000       1.00000000    
           1  0.564877033      0.201095149    
           1 -0.319867134      0.201095149    
           1  -1.04548836      0.201095149    
           1 -0.521491051      0.201095149    
           1 -0.323993683      0.201095149    
           1 -0.222558975      0.201095149    
           1 -0.575207710      0.201095149    
           1  -1.05750465      0.201095149    
           0  -100.000000       1.00000000    
           1  0.659458160      0.201095149    
           1  -1.43767166      0.201095149    
           1  0.165075302      0.201095149    
           1 -0.969820023      0.201095149    
           1  0.112237930      0.201095149    
           1 -0.780909538      0.201095149    
           1 -0.452014446      0.201095149    
           1  0.213914871      0.201095149    
           1  -3.58733368      0.201095149    
           1  0.369682312      0.201095149    
           1  0.789289474      0.201095149    
           1  0.374095440      0.201095149    
           1 -0.168312550      0.201095149    
           1 -0.870724201      0.201095149    
           1 -0.393032074      0.201095149    
           1 -0.193118095      0.201095149    
           1  -1.24659920      0.201095149    
           1 -0.180146217      0.201095149    
           1  -1.26315308      0.201095149    
           1 -0.760791779      0.201095149    
           1 -0.349076509      0.201095149    
           1  -1.29909134      0.201095149    
           1  0.144603729      0.201095149    
           1 -0.299724579      0.201095149    
           1  0.230964661      0.201095149    
           1 -0.250469685      0.201095149    
           1  0.120008469      0.201095149    
           1  -1.23532867      0.201095149    
           1 -0.760610580      0.201095149    
           1 -0.607686043      0.201095149    
           1 -0.212471962      0.201095149    
           1 -0.447811127      0.201095149    
           1  0.355775833      0.201095149    
           1 -0.350062370      0.201095149    
           1  -1.04775620      0.201095149    
           1 -0.115005493      0.201095149    
           1  -1.73393250      0.201095149    
           1 -0.176819801      0.201095149    
           1 -0.797599792      0.201095149    
           1 -0.504522324      0.201095149    
           1 -0.653822899      0.201095149    
           1 -0.444192886      0.201095149    
           1  0.237897873      0.201095149    
           1 -0.440712929      0.201095149    
           1  -1.90812588      0.201095149    
           1 -0.881566048      0.201095149    
           1  -2.00427818      0.201095149    
           1 -0.664257050      0.201095149    
           1 -0.421996117      0.201095149    
           1  0.202754021      0.201095149    
           1 -0.481579781      0.201095149    
           1  -1.08697319      0.201095149    
           0  -100.000000       1.00000000    
           1   5.44624329E-02  0.201095149    
           1 -0.187969208      0.201095149    
           1  -1.38781738      0.201095149    
           0  -100.000000       1.00000000    
           1 -0.173200607      0.201095149    
           1  -6.23645782E-02  0.201095149    
           0  -100.000000       1.00000000    
           1 -0.333437920      0.201095149    
           1 -0.689603806      0.201095149    
           0  -100.000000       1.00000000    
           1  -3.33404541E-02  0.201095149    
           1 -0.340322495      0.201095149    
           1 -0.310133934      0.201095149    
           1 -0.400444031      0.201095149    
           1 -0.139892578      0.201095149    
           1  0.750030518      0.201095149    
           0  -100.000000       1.00000000    
           1  0.350912094      0.201095149    
           1   6.82716370E-02  0.201095149    
           1 -0.101584435      0.201095149    
           1  0.184511185      0.201095149    
           1  0.303058624      0.201095149    
           1  0.532154083      0.201095149    
           0  -100.000000       1.00000000    
           1 -0.350578308      0.201095149    
           1 -0.265256882      0.201095149    
           1 -0.410774231      0.201095149    
           1  -1.03781700      0.201095149    
           1 -0.266695023      0.201095149    
           1 -0.146979809      0.201095149    
           0  -100.000000       1.00000000    
           1 -0.947559357      0.201095149    
           0  -100.000000       1.00000000    
           1 -0.120124817      0.201095149    
           1  -1.50151253E-02  0.201095149    
           1  0.538887024      0.201095149    
           1  0.878574371      0.201095149    
           1  0.568091393      0.201095149    
           0  -100.000000       1.00000000    
           1   5.22193909E-02  0.201095149    
           1 -0.142580032      0.201095149    
           1 -0.454215050      0.201095149    
           1 -0.262312889      0.201095149    
           1 -0.421767235      0.201095149    
           1  0.682605743      0.201095149    
           1 -0.423859596      0.201095149    
           1  0.159775734      0.201095149    
           1  0.397766113      0.201095149    
           1 -0.491722107      0.201095149    
           1  -6.13307953E-03  0.201095149    
           1 -0.615440369      0.201095149    
           1 -0.764236450      0.201095149    
           1  -1.00873756      0.201095149    
           1  -4.74348068E-02  0.201095149    
           1  0.175705910      0.201095149    
           1 -0.463098526      0.201095149    
           1  -1.38253021      0.201095149    
           1 -0.620828629      0.201095149    
           1 -0.100902557      0.201095149    
           1 -0.766569138      0.201095149    
           1  0.238529682      0.201095149    
           1  -1.39685822      0.201095149    
           1  0.446240425      0.201095149    
           1 -0.125424862      0.201095149    
           1  0.465645790      0.201095149    
           1   4.41548538      0.201095149    
           1  -1.11207581      0.201095149    
           1 -0.853462219      0.201095149    
           1 -0.447431564      0.201095149    
           1 -0.455470085      0.201095149    
           1  -2.55486679      0.201095149    
           1 -0.614721298      0.201095149    
           1  0.506544113      0.201095149    
           1 -0.535835266      0.201095149    
           1   8.45909119E-03  0.201095149    
           1 -0.180459499      0.201095149    
           1  0.272377014      0.201095149    
           1 -0.160828590      0.201095149    
           1  0.957347870      0.201095149    
           1 -0.614427567      0.201095149    
           1  0.711866379      0.201095149    
           1  0.571297646      0.201095149    
           1  0.106240749      0.201095149    
           1   2.30616474      0.201095149    
           1 -0.131544113      0.201095149    
           0  -100.000000       1.00000000    
           1  0.287045479      0.201095149    
           1 -0.290432930      0.201095149    
           1 -0.813322067      0.201095149    
           1  0.796606064      0.201095149    
           1  0.348550797      0.201095149    
           1  0.394973755      0.201095149    
           0  -100.000000       1.00000000    
           1 -0.228623390      0.201095149    
           1  -1.17530823E-02  0.201095149    
           1 -0.200814247      0.201095149    
           1  0.762363434      0.201095149    
           1  0.125219345      0.201095149    
           1  0.537292480      0.201095149    
           1  0.270835400      0.201095149    
           1  0.575880051      0.201095149    
           1 -0.506603241      0.201095149    
           1  0.346670151      0.201095149    
           1 -0.345595360      0.201095149    
           1  -1.43086624      0.201095149    
           1 -0.289506435      0.201095149    
           1 -0.390312195      0.201095149    
           1 -0.348846436      0.201095149    
           1   9.90867615E-02  0.201095149    
           1   1.12141514      0.201095149    
           1 -0.417749405      0.201095149    
           1 -0.200727463      0.201095149    
           1  0.282893181      0.201095149    
           1  0.171975136      0.201095149    
           1  0.543709755      0.201095149    
           1  -2.88921738      0.201095149    
           1  0.533153534      0.201095149    
           1 -0.226827145      0.201095149    
           1  -1.97486877E-02  0.201095149    
           1 -0.299807072      0.201095149    
           1 -0.256646156      0.201095149    
           1  0.557241440      0.201095149    
           1 -0.454894066      0.201095149    
           1  0.150236130      0.201095149    
           1 -0.850240707      0.201095149    
           1   1.24892044      0.201095149    
           1  -3.82963181      0.201095149    
           1  0.288029671      0.201095149    
           1 -0.354938507      0.201095149    
           1  -1.29904938      0.201095149    
           1  0.184762955      0.201095149    
           1 -0.132797241      0.201095149    
           1 -0.419410706      0.201095149    
           1  0.744622231      0.201095149    
           1 -0.926597595      0.201095149    
           1  0.128974915      0.201095149    
           1  0.351161957      0.201095149    
           1 -0.106739998      0.201095149    
           1   7.24020004E-02  0.201095149    
           1   1.72424316E-02  0.201095149    
           1 -0.425256729      0.201095149    
           1  0.647277832      0.201095149    
           1 -0.447156906      0.201095149    
           1  0.253006458      0.201095149    
           1 -0.193901062      0.201095149    
           1 -0.764673233      0.201095149    
           1   1.11125946      0.201095149    
           1  0.198619843      0.201095149    
           1  0.329536438      0.201095149    
           1 -0.434596062      0.201095149    
           1 -0.266619682      0.201095149    
           1  0.668796539      0.201095149    
           1  0.460184097      0.201095149    
           1  0.551507950      0.201095149    
           1  0.453776360      0.201095149    
           1  -4.80098724E-02  0.201095149    
           1 -0.676758766      0.201095149    
           1 -0.657727242      0.201095149    
           1 -0.245333672      0.201095149    
           1  0.371228218      0.201095149    
           1  -2.15291977E-02  0.201095149    
           1  0.105955124      0.201095149    
           1  0.972970963      0.201095149    
           1   2.09052277      0.201095149    
           1 -0.788953304      0.201095149    
           1  0.841932297      0.201095149    
           1  -6.17942810E-02  0.201095149    
           1 -0.332447052      0.201095149    
           1  0.261474609      0.201095149    
           1 -0.395599365      0.201095149    
           1  0.624958038      0.201095149    
           1  -2.27870941E-02  0.201095149    
           1   1.07739067      0.201095149    
           1  0.699363708      0.201095149    
           1 -0.129289627      0.201095149    
           1   4.44259644E-02  0.201095149    
           1 -0.701452255      0.201095149    
           1 -0.601176262      0.201095149    
           1  0.779218197      0.201095149    
           1 -0.165305614      0.201095149    
           1 -0.516567230      0.201095149    
           1   3.16476822E-02  0.201095149    
           1  0.432178497      0.201095149    
           1 -0.581369400      0.201095149    
           1  0.958415031      0.201095149    
           1 -0.435321808      0.201095149    
           1 -0.497980118      0.201095149    
           1 -0.130801201      0.201095149    
           1   7.47175217E-02  0.201095149    
           1 -0.205287933      0.201095149    
           1   1.06884384      0.201095149    
           1 -0.425093651      0.201095149    
           1 -0.366527557      0.201095149    
           1 -0.718357086      0.201095149    
           1  -2.59761810E-02  0.201095149    
           1   1.26636744      0.201095149    
           1 -0.121036530      0.201095149    
           0  -100.000000       1.00000000    
           1  -1.09699059      0.201095149    
           1 -0.131643295      0.201095149    
           1 -0.306945801      0.201095149    
           1   6.70876503E-02  0.201095149    
           1  0.454962254      0.201095149    
           1 -0.118786812      0.201095149    
           1   2.31714249E-02  0.201095149    
           1  -3.70554924E-02  0.201095149    
           1  0.290687561      0.201095149    
           1  0.283506393      0.201095149    
           1   1.16792679      0.201095149    
           1  0.237516403      0.201095149    
           1  0.306537628      0.201095149    
           1  0.257640839      0.201095149    
           1  0.693122864      0.201095149    
           1  0.223356247      0.201095149    
           1 -0.795312881      0.201095149    
           1  0.708000183      0.201095149    
           1 -0.177330494      0.201095149    
           1  0.436642647      0.201095149    
           1  0.768318176      0.201095149    
           1  -8.69808197E-02  0.201095149    
           1  0.491516113      0.201095149    
           1  -1.66925240      0.201095149    
           1  0.401279449      0.201095149    
           1  -1.80124664      0.201095149    
           1 -0.363452911      0.201095149    
           1 -0.511614799      0.201095149    
           1  -1.04520988      0.201095149    
           1 -0.137060165      0.201095149    
           1  -3.87668610E-03  0.201095149    
           1  0.239222527      0.201095149    
           1 -0.704671860      0.201095149    
           1  -8.57038498E-02  0.201095149    
           1  -3.00865173E-02  0.201095149    
           1 -0.299376488      0.201095149    
           1  0.884559631      0.201095149    
           1  0.377623558      0.201095149    
           1  0.712203979      0.201095149    
           1  0.452896118      0.201095149    
           1 -0.182286263      0.201095149    
           1 -0.217355728      0.201095149    
           1  0.729541779      0.201095149    
           1  -6.40740395E-02  0.201095149    
           1  0.253942490      0.201095149    
           1  0.331218719      0.201095149    
           1  0.155502319      0.201095149    
           0  -100.000000       1.00000000    
           0  -100.000000       1.00000000    
           1  0.108719826      0.201095149    
           1  0.301909924      0.201095149    
           1  0.218372822      0.201095149    
           1  -8.53719711E-02  0.201095149    
           1   8.63215923E-02  0.201095149    
           1 -0.244025350      0.201095149    
           1  -4.53634548      0.201095149    
           1 -0.805500031      0.201095149    
           1  -1.05704117      0.201095149    
           1  0.344657898      0.201095149    
           1  -1.42531013      0.201095149    
           1  0.400669098      0.201095149    
           1   3.75242233E-02  0.201095149    
           1 -0.547864437      0.201095149    
           1 -0.164559364      0.201095149    
           1  0.186653376      0.201095149    
           1  0.362777710      0.201095149    
           1  0.508693695      0.201095149    
           1   1.09211802      0.201095149    
           1  0.501924515      0.201095149    
           1 -0.778814316      0.201095149    
           1 -0.262543201      0.201095149    
           1  0.544380188      0.201095149    
           1  0.554555893      0.201095149    
           1  0.426864624      0.201095149    
           1  0.597675323      0.201095149    
           1 -0.126996994      0.201095149    
           1   3.96451950E-02  0.201095149    
           1  0.387447357      0.201095149    
           1   8.64601135E-02  0.201095149    
           1  0.675321579      0.201095149    
           1  0.212582588      0.201095149    
           1 -0.755935669      0.201095149    
           1 -0.482391357      0.201095149    
           1  -1.00451660      0.201095149    
           1 -0.380176544      0.201095149    
           1  -2.44306755      0.201095149    
           1  0.174666405      0.201095149    
           1 -0.610129356      0.201095149    
           0  -100.000000       1.00000000    
           1   9.11674500E-02  0.201095149    
           1  0.417906046      0.201095149    
           1 -0.148334503      0.201095149    
           1  0.490455627      0.201095149    
           1  0.539751053      0.201095149    
           1 -0.316658020      0.201095149    
           1 -0.916599274      0.201095149    
           1 -0.283894539      0.201095149    
           1 -0.496780396      0.201095149    
           1 -0.828445435      0.201095149    
           1  0.140728951      0.201095149    
           1 -0.392789841      0.201095149    
           1 -0.380406380      0.201095149    
           1 -0.528164864      0.201095149    
           1  0.400260925      0.201095149    
           1 -0.363121033      0.201095149    
           1  0.214475632      0.201095149    
           1  -1.41867828      0.201095149    
           1 -0.155910492      0.201095149    
           1  0.376291275      0.201095149    
           1  0.292962074      0.201095149    
           1 -0.435102463      0.201095149    
           1  -1.00063324      0.201095149    
           1 -0.972946167      0.201095149    
           1 -0.225826263      0.201095149    
           1  0.238774300      0.201095149    
           1  0.445831299      0.201095149    
           1  0.160777092      0.201095149    
           1 -0.393689156      0.201095149    
           1 -0.204019547      0.201095149    
           1 -0.674476624      0.201095149    
           0  -100.000000       1.00000000    
           1 -0.167572021      0.201095149    
           1  0.255708694      0.201095149    
           1  0.180833817      0.201095149    
           0  -100.000000       1.00000000    
           1 -0.673088074      0.201095149    
           1  0.407786369      0.201095149    
           1  0.350988388      0.201095149    
           1  -1.96065903E-02  0.201095149    
           1 -0.433305740      0.201095149    
           1  0.565507889      0.201095149    
           1 -0.663881302      0.201095149    
           0  -100.000000       1.00000000    
           1  0.665821075      0.201095149    
           1 -0.374244690      0.201095149    
           1  -1.40350151      0.201095149    
           1 -0.417663574      0.201095149    
           1 -0.383283615      0.201095149    
           1 -0.888889313      0.201095149    
           1  0.553184509      0.201095149    
           1  0.728843689      0.201095149    
           1  -1.32802963      0.201095149    
           1 -0.800910950      0.201095149    
           1 -0.645580292      0.201095149    
           1  0.137996674      0.201095149    
           1 -0.171369553      0.201095149    
           1   1.87988281E-02  0.201095149    
           1  -4.69126701E-02  0.201095149    
           1 -0.109676838      0.201095149    
           1 -0.129406929      0.201095149    
           1 -0.238332748      0.201095149    
           1 -0.265695572      0.201095149    
           1 -0.318698883      0.201095149    
           1  -2.16398239E-02  0.201095149    
           1  0.426911354      0.201095149    
           1   1.55141830      0.201095149    
           1  0.159267426      0.201095149    
           0  -100.000000       1.00000000    
           1  -1.89972878      0.201095149    
           1  0.783706665      0.201095149    
           1 -0.171396255      0.201095149    
           1 -0.458322525      0.201095149    
           1 -0.167967796      0.201095149    
           1 -0.399011612      0.201095149    
           1 -0.894578934      0.201095149    
           1 -0.492445946      0.201095149    
           1  -1.58375168      0.201095149    
           1  -8.52851868E-02  0.201095149    
           0  -100.000000       1.00000000    
           0  -100.000000       1.00000000    
           1  -1.02737617      0.201095149    
           1 -0.492263794      0.201095149    
           1  -1.22311211      0.201095149    
           1  0.232191086      0.201095149    
           1  0.946111679      0.201095149    
           1   9.86919403E-02  0.201095149    
           1 -0.411385536      0.201095149    
           1 -0.363300323      0.201095149    
           1  -2.78411484      0.201095149    
           1  0.285266876      0.201095149    
           1  0.227100372      0.201095149    
           1  -8.09783936E-02  0.201095149    
           1 -0.945777893      0.201095149    
           1  -3.32308578      0.201095149    
           1 -0.669613838      0.201095149    
           1  0.197563171      0.201095149    
           1  0.245842934      0.201095149    
           1  0.254619598      0.201095149    
           1 -0.819461823      0.201095149    
           1  0.270318031      0.201095149    
           1  0.941864014      0.201095149    
           1 -0.707476616      0.201095149    
           1  0.596375227      0.201095149    
           1 -0.651958466      0.201095149    
           1  0.312391281      0.201095149    
           1  0.119794846      0.201095149    
           1  0.160682678      0.201095149    
           1 -0.742793083      0.201095149    
           1 -0.258981705      0.201095149    
           1 -0.504196167      0.201095149    
           1   6.37474060E-02  0.201095149    
           1 -0.386427879      0.201095149    
           1  -6.62097931E-02  0.201095149    
           1 -0.139922142      0.201095149    
           1 -0.565509796      0.201095149    
           1  0.139984131      0.201095149    
           1  0.232746124      0.201095149    
           1  -1.92768860      0.201095149    
           0  -100.000000       1.00000000    
           1 -0.459367752      0.201095149    
           1 -0.519945145      0.201095149    
           1 -0.398447990      0.201095149    
           1 -0.408851624      0.201095149    
           1  0.149379730      0.201095149    
           0  -100.000000       1.00000000    
           1 -0.228557587      0.201095149    
           1 -0.415374756      0.201095149    
           1 -0.287365913      0.201095149    
           1 -0.480112076      0.201095149    
           1  0.170347214      0.201095149    
           1 -0.141441345      0.201095149    
           1  -2.83470154E-02  0.201095149    
           1   2.61962414E-02  0.201095149    
           1  0.125607491      0.201095149    
           1 -0.692066193      0.201095149    
           1  0.176029205      0.201095149    
           1  0.525249481      0.201095149    
           1  0.494262695      0.201095149    
           1  0.297822952      0.201095149    
           1 -0.247301102      0.201095149    
           1 -0.258519173      0.201095149    
           1  -3.31621170E-02  0.201095149    
           1 -0.366623878      0.201095149    
           1 -0.265281677      0.201095149    
           1 -0.522914886      0.201095149    
           1  -7.22465515E-02  0.201095149    
           1 -0.778121948      0.201095149    
           1  -1.02230453      0.201095149    
           1  0.126611710      0.201095149    
           1  0.587989807      0.201095149    
           1  0.213897705      0.201095149    
           1  0.358207703      0.201095149    
           1  0.636586189      0.201095149    
           1 -0.168685913      0.201095149    
           1  0.443809509      0.201095149    
           1 -0.798184395      0.201095149    
           1  -1.46008110      0.201095149    
           1 -0.297187805      0.201095149    
           1  -1.56682587      0.201095149    
           1  0.968326569      0.201095149    
           1 -0.713525772      0.201095149    
           1 -0.455841064      0.201095149    
           1  0.117716789      0.201095149    
           1 -0.560227394      0.201095149    
           1  -1.57511902      0.201095149    
           1 -0.674190521      0.201095149    
           1  -1.27843857      0.201095149    
           1  -1.17298889      0.201095149    
           1  -1.16050720      0.201095149    
           1 -0.308071136      0.201095149    
           1  0.599708080      0.201095149    
           1  0.118528366      0.201095149    
           1 -0.683662415      0.201095149    
           1  -1.05803204      0.201095149    
           1 -0.674861908      0.201095149    
           1 -0.558737755      0.201095149    
           1 -0.822994232      0.201095149    
           1 -0.774099350      0.201095149    
           1  0.268948555      0.201095149    
           1  -1.13761520      0.201095149    
           1  0.317623138      0.201095149    
           1  0.180210114      0.201095149    
           1  0.317810059      0.201095149    
           1 -0.301527977      0.201095149    
           1  -1.89976883      0.201095149    
           1  -7.74445534E-02  0.201095149    
           1 -0.540929794      0.201095149    
           1  0.263240814      0.201095149    
           1  0.619396210      0.201095149    
           1  -1.07878494      0.201095149    
           1 -0.972923279      0.201095149    
           1   5.52902222E-02  0.201095149    
           1 -0.654178619      0.201095149    
           1 -0.985086441      0.201095149    
           1 -0.762870789      0.201095149    
           1  -7.13062286E-03  0.201095149    
           1 -0.751729965      0.201095149    
           1 -0.826765060      0.201095149    
           1 -0.497213364      0.201095149    
           1 -0.716785431      0.201095149    
           1  0.151059151      0.201095149    
           1 -0.172492027      0.201095149    
           1 -0.188027382      0.201095149    
           1 -0.533109665      0.201095149    
           1 -0.429965973      0.201095149    
           1  0.237937927      0.201095149    
           1  0.119094849      0.201095149    
           1  0.221879959      0.201095149    
           1 -0.630563736      0.201095149    
           1   1.03923798      0.201095149    
           1  -9.29272175E-02  0.201095149    
           1 -0.324604034      0.201095149    
           1 -0.499243736      0.201095149    
           1 -0.743703842      0.201095149    
           1  -1.00277424      0.201095149    
           1  -7.07988739E-02  0.201095149    
           1 -0.681114197      0.201095149    
           1 -0.399868011      0.201095149    
           1 -0.444191933      0.201095149    
           1 -0.728559494      0.201095149    
           1 -0.774261475      0.201095149    
           1   1.54151917E-02  0.201095149    
           1 -0.929092407      0.201095149    
           1  -1.42370605      0.201095149    
           1 -0.653394699      0.201095149    
           1 -0.128280640      0.201095149    
           1 -0.155355453      0.201095149    
           1  -2.04660416      0.201095149    
           1  -2.08950806      0.201095149    
           1 -0.182519913      0.201095149    
           1  0.545873642      0.201095149    
           1 -0.121066093      0.201095149    
           1 -0.449285507      0.201095149    
           1  -4.00161743E-02  0.201095149    
           1 -0.681050301      0.201095149    
           1  -1.06324863      0.201095149    
           1  0.190258026      0.201095149    
           1 -0.474360466      0.201095149    
           1  -3.74317169E-03  0.201095149    
           1 -0.196248531      0.201095149    
           1 -0.476438522      0.201095149    
           1  -1.43881226      0.201095149    
           1 -0.494480133      0.201095149    
           1 -0.230529785      0.201095149    
           1 -0.279379845      0.201095149    
           1  0.134006023      0.201095149    
           1   5.04493713E-02  0.201095149    
           1 -0.522411346      0.201095149    
           1 -0.308800697      0.201095149    
           1  0.118097305      0.201095149    
           1  -1.72612381      0.201095149    
           1 -0.386625290      0.201095149    
           1 -0.649688721      0.201095149    
           1  -1.76465225      0.201095149    
           1  -1.80029869      0.201095149    
           1   6.31275177E-02  0.201095149    
           1 -0.351860046      0.201095149    
           1  0.376110077      0.201095149    
           1   1.78527832E-02  0.201095149    
           1  0.358673096      0.201095149    
           1 -0.253377914      0.201095149    
           1 -0.695663452      0.201095149    
           1  -6.03771210E-03  0.201095149    
           1 -0.304370880      0.201095149    
           1   3.24783325E-02  0.201095149    
           1 -0.211420059      0.201095149    
           1  -1.74633026      0.201095149    
           1  0.731178284      0.201095149    
           1   5.39360046E-02  0.201095149    
           1  0.120929718      0.201095149    
           1 -0.558223724      0.201095149    
           1  -5.67197800E-02  0.201095149    
           1 -0.119708061      0.201095149    
           1  -9.09786224E-02  0.201095149    
           1 -0.116488457      0.201095149    
           1 -0.565692902      0.201095149    
           1  0.153312683      0.201095149    
           1  0.333825588      0.201095149    
           1   9.58414078E-02  0.201095149    
           1  -9.43508148E-02  0.201095149    
           1 -0.582141876      0.201095149    
           1 -0.294441223      0.201095149    
           1 -0.189465523      0.201095149    
           1 -0.729879379      0.201095149    
           1 -0.543540955      0.201095149    
           1   7.92503357E-03  0.201095149    
           1 -0.388994217      0.201095149    
           1  -2.54678726E-02  0.201095149    
           1 -0.813836098      0.201095149    
           1 -0.151417732      0.201095149    
           1  0.296255112      0.201095149    
           1 -0.452200890      0.201095149    
           1  0.269237518      0.201095149    
           1   1.23987198E-02  0.201095149    
           1 -0.487565041      0.201095149    
           1  0.278861046      0.201095149    
           1 -0.385022163      0.201095149    
           1 -0.504854202      0.201095149    
           1 -0.420392990      0.201095149    
           1  0.188137054      0.201095149    
           1 -0.124637604      0.201095149    
           1 -0.736518860      0.201095149    
           1  0.575010300      0.201095149    
           1  -1.34292221      0.201095149    
           1   5.67808151E-02  0.201095149    
           1  0.588004112      0.201095149    
           1 -0.875783920      0.201095149    
           1  0.480449677      0.201095149    
           1  -2.25963593E-02  0.201095149    
           1 -0.526037216      0.201095149    
           1 -0.514346123      0.201095149    
           1  -1.60672760      0.201095149    
           1 -0.359149933      0.201095149    
           1 -0.859139442      0.201095149    
           1  0.813655853      0.201095149    
           1 -0.248311996      0.201095149    
           1  0.627795160      0.201095149    
           1   2.26802826E-02  0.201095149    
           1  0.188996315      0.201095149    
           1  0.556499958      0.201095149    
           1 -0.734722137      0.201095149    
           1 -0.470296860      0.201095149    
           1  0.126678467      0.201095149    
           1   7.05528259E-03  0.201095149    
           1 -0.252326012      0.201095149    
           1  0.273923874      0.201095149    
           0  -100.000000       1.00000000    
           1  0.410007477      0.201095149    
           1 -0.335557938      0.201095149    
           1 -0.182230949      0.201095149    
           1 -0.401882172      0.201095149    
           1 -0.304931641      0.201095149    
           1  -8.21018219E-03  0.201095149    
           1   1.64175034E-02  0.201095149    
           1  0.103735924      0.201095149    
           1 -0.104207039      0.201095149    
           1 -0.277329445      0.201095149    
           1   5.84640503E-02  0.201095149    
           1 -0.157579422      0.201095149    
           1  0.244166374      0.201095149    
           1   9.24015045E-02  0.201095149    
           1 -0.593246460      0.201095149    
           1 -0.106987953      0.201095149    
           1 -0.725914955      0.201095149    
           1   9.57469940E-02  0.201095149    
           1 -0.213810921      0.201095149    
           1  0.270187378      0.201095149    
           1 -0.117642403      0.201095149    
           1 -0.877235413      0.201095149    
           1  0.289789200      0.201095149    
           1  0.125857830      0.201095149    
           1 -0.105588913      0.201095149    
           1 -0.111093044      0.201095149    
           1 -0.417377472      0.201095149    
           0  -100.000000       1.00000000    
           1 -0.506804466      0.201095149    
           1 -0.826706886      0.201095149    
           1 -0.207124710      0.201095149    
           1   4.00257111E-03  0.201095149    
           1  0.247687340      0.201095149    
           1 -0.264497757      0.201095149    
           1  0.162157059      0.201095149    
           1  -4.28972244E-02  0.201095149    
           1  -5.42354584E-02  0.201095149    
           1 -0.841236115      0.201095149    
           1 -0.134299278      0.201095149    
           1 -0.305361748      0.201095149    
           1 -0.933296204      0.201095149    
           1 -0.111586094      0.201095149    
           1 -0.136840820      0.201095149    
           1 -0.390293121      0.201095149    
           1 -0.794866562      0.201095149    
           0  -100.000000       1.00000000    
           1  -7.05537796E-02  0.201095149    
           1 -0.144553661      0.201095149    
           1  0.108166695      0.201095149    
           1 -0.712905884      0.201095149    
           1  0.295314789      0.201095149    
           1  -8.43820572E-02  0.201095149    
           1 -0.676864624      0.201095149    
           1  -5.92575073E-02  0.201095149    
           1  -2.52485275E-03  0.201095149    
           1 -0.654321671      0.201095149    
           1 -0.416601181      0.201095149    
           1  -1.12208557      0.201095149    
           1   1.12223053      0.201095149    
           1 -0.936238289      0.201095149    
           1 -0.189517021      0.201095149    
           1  -3.01156044E-02  0.201095149    
           1 -0.296286583      0.201095149    
           1 -0.105946064      0.201095149    
           1  -2.43593216      0.201095149    
           1  0.169737339      0.201095149    
           1  -8.71639252E-02  0.201095149    
           1 -0.206060410      0.201095149    
           1  -7.40585327E-02  0.201095149    
           1  0.123540878      0.201095149    
           1  0.640975952      0.201095149    
           1 -0.850679398      0.201095149    
           1  -9.42869186E-02  0.201095149    
           1 -0.173544884      0.201095149    
           1  -9.53617096E-02  0.201095149    
           1 -0.285345078      0.201095149    
           1 -0.257941246      0.201095149    
           1  0.789914131      0.201095149    
           0  -100.000000       1.00000000    
           1 -0.267932892      0.201095149    
           1 -0.188581467      0.201095149    
           1 -0.131274700      0.201095149    
           1  -7.84001350E-02  0.201095149    
           1  -5.14192581E-02  0.201095149    
           1  -1.05545425      0.201095149    
           1 -0.125232697      0.201095149    
           1  0.224076271      0.201095149    
           1 -0.561779022      0.201095149    
           1  -4.72335815E-02  0.201095149    
           1 -0.248264313      0.201095149    
           1  -7.56120682E-02  0.201095149    
           1 -0.162298203      0.201095149    
           1   4.01306152E-03  0.201095149    
           1   7.98258781E-02  0.201095149    
           1  0.336951733      0.201095149    
           1   6.60157204E-02  0.201095149    
           1  0.567249298      0.201095149    
           1   1.00235748      0.201095149    
           1  0.238928556      0.201095149    
           1  0.600881577      0.201095149    
           1  0.901248932      0.201095149    
           1 -0.634796143      0.201095149    
           1  0.233598709      0.201095149    
           1  -8.02354813E-02  0.201095149    
           1  0.113160133      0.201095149    
           1  0.171453953      0.201095149    
           1  0.249997139      0.201095149    
           1 -0.284848213      0.201095149    
           1  0.194602489      0.201095149    
           0  -100.000000       1.00000000    
           1   7.97815323E-02  0.201095149    
           1 -0.109578609      0.201095149    
           1  0.261964798      0.201095149    
           1  0.200153351      0.201095149    
           1  0.196413994      0.201095149    
           1  -2.03843117E-02  0.201095149    
           1  0.187943459      0.201095149    
           1  0.301936150      0.201095149    
           1   3.16524506E-02  0.201095149    
           1  -1.56939316      0.201095149    
           1  -8.17890167E-02  0.201095149    
           1 -0.671035767      0.201095149    
           1   8.96863937E-02  0.201095149    
           1  0.385774612      0.201095149    
           1  0.673807144      0.201095149    
           1  0.513901711      0.201095149    
           1 -0.194551468      0.201095149    
           0  -100.000000       1.00000000    
           1 -0.548189163      0.201095149    
           1  -5.61132431E-02  0.201095149    
           0  -100.000000       1.00000000    
           1   5.74808121E-02  0.201095149    
           1  0.179582596      0.201095149    
           1  -7.67526627E-02  0.201095149    
           1  -1.13604546      0.201095149    
           1  -1.37282181      0.201095149    
           1 -0.330237389      0.201095149    
           1 -0.487367153      0.201095149    
           1  -1.02744293      0.201095149    
           1 -0.782217979      0.201095149    
           1 -0.438694000      0.201095149    
           1  0.191799164      0.201095149    
           1 -0.956703186      0.201095149    
           1  0.146448135      0.201095149    
           1  -1.87394333      0.201095149    
           0  -100.000000       1.00000000    
           1 -0.340459824      0.201095149    
           1 -0.777725220      0.201095149    
           1 -0.449124336      0.201095149    
           1  -1.33557129      0.201095149    
           1 -0.296817780      0.201095149    
           1  0.244176865      0.201095149    
           1 -0.717551231      0.201095149    
           1 -0.268259048      0.201095149    
           1  -9.95330811E-02  0.201095149    
           1 -0.345651627      0.201095149    
           1  -1.57799911      0.201095149    
           1  0.282968998      0.201095149    
           1  0.240538597      0.201095149    
           1  -2.80246735E-02  0.201095149    
           1  -1.75338745      0.201095149    
           1 -0.169995308      0.201095149    
           1   6.93001747E-02  0.201095149    
           1  -6.25371933E-02  0.201095149    
           1  0.335781097      0.201095149    
           1  -1.08550835      0.201095149    
           1 -0.483224869      0.201095149    
           1 -0.898079872      0.201095149    
           1 -0.561737061      0.201095149    
           1 -0.144725800      0.201095149    
           1 -0.192368507      0.201095149    
           1 -0.555570602      0.201095149    
           1  -2.78844452      0.201095149    
           1  -1.29687309      0.201095149    
           1  0.151334763      0.201095149    
           1  -1.67438793      0.201095149    
           1 -0.208271027      0.201095149    
           1 -0.338815689      0.201095149    
           1  -2.19368172      0.201095149    
           1  -1.45434952      0.201095149    
           1  -1.98416519      0.201095149    
           1 -0.116309166      0.201095149    
           0  -100.000000       1.00000000    
           1  -1.31046295      0.201095149    
           1 -0.815622330      0.201095149    
           1  0.178276062      0.201095149    
           1 -0.588649750      0.201095149    
           1  -1.77938652      0.201095149    
           1 -0.733474731      0.201095149    
           1 -0.761375427      0.201095149    
           1  -1.04497290      0.201095149    
           1 -0.711042404      0.201095149    
           1 -0.697785854      0.201095149    
           1 -0.561807632      0.201095149    
           1 -0.249732971      0.201095149    
           1 -0.870721817      0.201095149    
           0  -100.000000       1.00000000    
           1 -0.216344833      0.201095149    
           1 -0.715497971      0.201095149    
           1 -0.543043137      0.201095149    
           1  -1.30469513      0.201095149    
           1 -0.547691345      0.201095149    
           1  -1.08175087      0.201095149    
           1 -0.992069244      0.201095149    
           1 -0.247489929      0.201095149    
           1  -1.00778389      0.201095149    
           1 -0.714794159      0.201095149    
           1   2.28796005E-02  0.201095149    
           1  0.624362946      0.201095149    
           1  -1.04252625      0.201095149    
           1 -0.366620064      0.201095149    
           1  -8.83178711E-02  0.201095149    
           1  0.302860260      0.201095149    
           1 -0.505993843      0.201095149    
           1  0.628591537      0.201095149    
           0  -100.000000       1.00000000    
           1 -0.118274689      0.201095149    
           1  0.702964783      0.201095149    
           1 -0.913544655      0.201095149    
           1 -0.153532028      0.201095149    
           0  -100.000000       1.00000000    
           1  0.608764648      0.201095149    
           0  -100.000000       1.00000000    
           1 -0.734666824      0.201095149    
           1   1.35211945E-02  0.201095149    
           1 -0.751483917      0.201095149    
           0  -100.000000       1.00000000    
           1 -0.900367737      0.201095149    
           1  0.134922028      0.201095149    
           1  -1.39241409      0.201095149    
           1  0.566146851      0.201095149    
           1 -0.178215027      0.201095149    
           1  0.127711296      0.201095149    
           1  0.250246048      0.201095149    
           1  -2.59218216      0.201095149    
           1  -1.25400162      0.201095149    
           1  -7.96890259E-03  0.201095149    
           1 -0.176029205      0.201095149    
           0  -100.000000       1.00000000    
           1 -0.435683250      0.201095149    
           1   1.53074265E-02  0.201095149    
           1  0.303207397      0.201095149    
           1   1.11139488      0.201095149    
           1  -1.90259552      0.201095149    
           1 -0.196281433      0.201095149    
           1  0.383028030      0.201095149    
           0  -100.000000       1.00000000    
           1 -0.312580109      0.201095149    
           1  -3.00674438E-02  0.201095149    
           1  -1.02663374      0.201095149    
           1 -0.169149399      0.201095149    
           0  -100.000000       1.00000000    
           1 -0.210914612      0.201095149    
           1 -0.693351746      0.201095149    
           1 -0.849915504      0.201095149    
           1  -7.34930038E-02  0.201095149    
           1  -1.00917816      0.201095149    
           1  0.506640434      0.201095149    
           0  -100.000000       1.00000000    
           1  0.954105377      0.201095149    
           1  -8.27674866E-02  0.201095149    
           1  0.272174835      0.201095149    
           1  -1.18560791      0.201095149    
           1  0.638624191      0.201095149    
           1 -0.229391098      0.201095149    
           1   1.63412094      0.201095149    
           1  0.738483429      0.201095149    
           1 -0.788789749      0.201095149    
           1 -0.353683472      0.201095149    
           1  0.514017105      0.201095149    
           1 -0.635707855      0.201095149    
           1 -0.392368317      0.201095149    
           1  -5.60855865E-02  0.201095149    
           0  -100.000000       1.00000000    
           0  -100.000000       1.00000000    
           0  -100.000000       1.00000000    
           1  -1.01505661      0.201095149    
           1 -0.372701645      0.201095149    
           1 -0.790206909      0.201095149    
           1 -0.502632141      0.201095149    
           1  -1.91940689      0.201095149    
           1  -2.21711159      0.201095149    
           0  -100.000000       1.00000000    
           1 -0.632541656      0.201095149    
           1 -0.334556580      0.201095149    
           1 -0.424221039      0.201095149    
           1 -0.200031281      0.201095149    
           1  0.622514725      0.201095149    
           1 -0.115430832      0.201095149    
           1  0.754318237      0.201095149    
           1  -1.27523708      0.201095149    
           1  -1.98139763      0.201095149    
           0  -100.000000       1.00000000    
           1  0.117913246      0.201095149    
           1  0.238285065      0.201095149    
           1  0.429953575      0.201095149    
           1 -0.537349701      0.201095149    
           1 -0.159945488      0.201095149    
           1 -0.226844788      0.201095149    
           1 -0.340173721      0.201095149    
           1  -4.25338745E-04  0.201095149    
           1 -0.580139160      0.201095149    
           1 -0.578610420      0.201095149    
           1 -0.155753136      0.201095149    
           1  0.342200756      0.201095149    
           0  -100.000000       1.00000000    
           1  -9.38653946E-02  0.201095149    
           0  -100.000000       1.00000000    
           1  0.178827286      0.201095149    
           1  -2.06283379      0.201095149    
           1  -1.37615967      0.201095149    
           1  0.476146698      0.201095149    
           0  -100.000000       1.00000000    
           1 -0.355416298      0.201095149    
           1 -0.746316910      0.201095149    
           1 -0.496889114      0.201095149    
           1 -0.576152802      0.201095149    
           1 -0.732172966      0.201095149    
           1 -0.635462761      0.201095149    
           1  -2.21527672      0.201095149    
           1  -1.38516045      0.201095149    
           0  -100.000000       1.00000000    
           1  0.790966034      0.201095149    
           1 -0.266756058      0.201095149    
           1 -0.657608032      0.201095149    
           1  0.291455269      0.201095149    
           1   4.58917618E-02  0.201095149    
           1   7.61346817E-02  0.201095149    
           1   1.17944717      0.201095149    
           1 -0.423192024      0.201095149    
           1 -0.977949142      0.201095149    
           0  -100.000000       1.00000000    
           1 -0.293421745      0.201095149    
           1 -0.602856636      0.201095149    
           1 -0.641307831      0.201095149    
           0  -100.000000       1.00000000    
           0  -100.000000       1.00000000    
           1  -7.98518658E-02  0.201095149    
           1  -1.33432007      0.201095149    
           1 -0.174247742      0.201095149    
           1  0.316602468      0.201095149    
           1   4.15234566E-02  0.201095149    
           1   8.95690918E-02  0.201095149    
           1 -0.494969845      0.201095149    
           1   8.07714462E-02  0.201095149    
           1  0.293692589      0.201095149    
           1  0.719711304      0.201095149    
           1 -0.577838898      0.201095149    
           1 -0.678749084      0.201095149    
           1 -0.605663300      0.201095149    
           1 -0.623062134      0.201095149    
           1 -0.209714890      0.201095149    
           1 -0.580079079      0.201095149    
           1 -0.428001404      0.201095149    
           1 -0.696765900      0.201095149    
           1 -0.945903778      0.201095149    
           1 -0.109447479      0.201095149    
           1 -0.757862091      0.201095149    
           1  0.368431091      0.201095149    
           1 -0.965665817      0.201095149    
           1  -2.67176819      0.201095149    
           1 -0.410977364      0.201095149    
           1 -0.579939842      0.201095149    
           1 -0.711534500      0.201095149    
           1   8.65988731E-02  0.201095149    
           1  -1.03272247      0.201095149    
           1  -2.25569725      0.201095149    
           1 -0.293018341      0.201095149    
           1  -2.14085770      0.201095149    
           1  -1.93947411      0.201095149    
           1 -0.750623703      0.201095149    
           0  -100.000000       1.00000000    
           0  -100.000000       1.00000000    
           1  0.399215698      0.201095149    
           0  -100.000000       1.00000000    
           1  -1.08183098      0.201095149    
           1  -1.56303596      0.201095149    
           1  -1.88730812      0.201095149    
           1  0.791481018      0.201095149    
           1 -0.212896347      0.201095149    
           1  0.219229698      0.201095149    
           1  -1.27089977      0.201095149    
           0  -100.000000       1.00000000    
           0  -100.000000       1.00000000    
           1  -1.12922287      0.201095149    
           1  0.525323868      0.201095149    
           1   9.88388062E-02  0.201095149    
           1 -0.554309845      0.201095149    
           1  0.186527252      0.201095149    
           1  -1.24771500      0.201095149    
           1  0.255031586      0.201095149    
           1  -1.42949390      0.201095149    
           1   1.31761169      0.201095149    
           1   1.07470322      0.201095149    
           1 -0.792684555      0.201095149    
           0  -100.000000       1.00000000    
           1 -0.691250801      0.201095149    
           1 -0.683160782      0.201095149    
           1   5.05933762E-02  0.201095149    
           1  -1.07838154      0.201095149    
           1  -1.42514038      0.201095149    
           1  -2.89995575      0.201095149    
           0  -100.000000       1.00000000    
           1  -1.73543739      0.201095149    
           1  -1.80281067      0.201095149    
           1 -0.730560303      0.201095149    
           1 -0.478324413      0.201095149    
           1 -0.615633011      0.201095149    
           1 -0.622631550      0.201095149    
           0  -100.000000       1.00000000    
           1 -0.917514801      0.201095149    
           1  -2.19607544      0.201095149    
           1  0.114837646      0.201095149    
           1 -0.249820709      0.201095149    
           1  -1.00848722      0.201095149    
           1  -1.46372223      0.201095149    
           1 -0.127365112      0.201095149    
           1 -0.379337311      0.201095149    
           1 -0.355817795      0.201095149    
           1 -0.328052521      0.201095149    
           1 -0.548917770      0.201095149    
           0  -100.000000       1.00000000    
           1 -0.149465561      0.201095149    
           1  -9.24530029E-02  0.201095149    
           1  -4.54921722E-02  0.201095149    
           1 -0.896262169      0.201095149    
           1  -1.54187965      0.201095149    
           1   8.88919830E-02  0.201095149    
           1  0.731517792      0.201095149    
           1  0.447042465      0.201095149    
           1 -0.101140022      0.201095149    
           1  0.555130005      0.201095149    
           1 -0.289398193      0.201095149    
           1 -0.211938858      0.201095149    
           1  -4.52232361E-03  0.201095149    
           1 -0.418333054      0.201095149    
           1 -0.557001114      0.201095149    
           1 -0.495653152      0.201095149    
           1 -0.246980667      0.201095149    
           1   5.85746765E-02  0.201095149    
           1  -5.86242676E-02  0.201095149    
           1 -0.190785408      0.201095149    
           1 -0.306241989      0.201095149    
           1 -0.933095932      0.201095149    
           1  -1.64508820E-03  0.201095149    
           1 -0.106732368      0.201095149    
           1 -0.372547626      0.201095149    
           1 -0.324201584      0.201095149    
           1 -0.257030487      0.201095149    
           1   5.50813675E-02  0.201095149    
           1  -7.77921677E-02  0.201095149    
           1  0.337145805      0.201095149    
           1 -0.709118843      0.201095149    
           1 -0.489566803      0.201095149    
           1 -0.383625984      0.201095149    
           1 -0.733474731      0.201095149    
           1  -7.40509033E-02  0.201095149    
           0  -100.000000       1.00000000    
           1  -7.42192268E-02  0.201095149    
           1 -0.137590408      0.201095149    
           1   1.19142532      0.201095149    
           1 -0.433054924      0.201095149    
           1  0.354527473      0.201095149    
           1 -0.371422768      0.201095149    
           1 -0.666084290      0.201095149    
           1 -0.524195671      0.201095149    
           1 -0.841274261      0.201095149    
           0  -100.000000       1.00000000    
           1 -0.621459961      0.201095149    
           0  -100.000000       1.00000000    
           1  0.599388123      0.201095149    
           0  -100.000000       1.00000000    
           1  0.283535004      0.201095149    
           0  -100.000000       1.00000000    
           0  -100.000000       1.00000000    
           1  0.242179871      0.201095149    
           1 -0.499897003      0.201095149    
           1 -0.681026459      0.201095149    
           1  0.602859497      0.201095149    
           0  -100.000000       1.00000000    
           1 -0.404256821      0.201095149    
           0  -100.000000       1.00000000    
           1 -0.798362732      0.201095149    
           1  0.418216705      0.201095149    
           1 -0.681060791      0.201095149    
           1  -8.76045227E-02  0.201095149    
           1 -0.803417206      0.201095149    
           0  -100.000000       1.00000000    
           1   1.08013916      0.201095149    
           0  -100.000000       1.00000000    
           1  -1.26264191      0.201095149    
           0  -100.000000       1.00000000    
           1 -0.414496422      0.201095149    
           1 -0.642372131      0.201095149    
           1 -0.649291992      0.201095149    
           1 -0.707284927      0.201095149    
           0  -100.000000       1.00000000    
           1 -0.329614639      0.201095149    
           1 -0.692926407      0.201095149    
           1  0.179779053      0.201095149    
           1 -0.386314392      0.201095149    
           1 -0.880279541      0.201095149    
           0  -100.000000       1.00000000    
           0  -100.000000       1.00000000    
           1 -0.258938789      0.201095149    
           1 -0.171752930      0.201095149    
           1 -0.254375458      0.201095149    
