   138.89931000000001       -31.323499999999999     
   138.40240000000000       -31.508300999999999     
   138.88329999999999       -31.617500000000000     
   138.86920000000001       -31.962600999999999     
   138.03020000000001       -31.975598999999999     
   137.93260000000001       -32.482601000000003     
   138.41010000000000       -32.538200000000003     
   138.56829999999999       -33.124901000000001     
   138.57570000000001       -33.470900999999998     
   138.12700000000001       -33.543998999999999     
   138.91890000000001       -33.779300999999997     
   138.96449000000001       -33.036200999999998     
   137.97800000000001       -32.696499000000003     
   138.58971000000000       -32.763302000000003     
   138.62781000000001       -32.231498999999999     
   138.55251000000001       -31.764399999999998     
   138.72149999999999       -31.367100000000001     
   138.67670000000001       -31.672300000000000     
   138.62331000000000       -31.523099999999999     
   138.58520999999999       -31.297799999999999     
   138.51100000000000       -31.129999000000002     
   138.55251000000001       -31.764399999999998     
   138.92170999999999       -33.430500000000002     
   138.14500000000001       -33.183998000000003     
   137.98300000000000       -32.701000000000001     
   138.62781000000001       -32.231498999999999     
   138.55251000000001       -31.764399999999998     
   138.58971000000000       -32.763302000000003     
   139.33700999999999       -34.509300000000003     
